wave1
0.035095125
0.032043375
0.02502435
0.024108825
0.024108825
0.0231933
0.0231933
0.02380365
0.023498475
0.02380365
0.024108825
0.02380365
0.024108825
0.02380365
0.024719175
0.024108825
0.024719175
0.02380365
0.024414
0.02380365
0.02380365
0.02502435
0.023498475
0.023498475
0.02380365
0.023498475
0.023498475
0.023498475
0.024719175
0.02380365
0.023498475
0.02380365
0.02380365
0.02502435
0.0231933
0.024414
0.024414
0.0231933
0.024414
0.024414
0.0231933
0.024414
0.024108825
0.023498475
0.024108825
0.024719175
0.02380365
0.0231933
0.02380365
0.024414
0.024108825
0.023498475
0.024414
0.02502435
0.02380365
0.023498475
0.024108825
0.024108825
0.024108825
0.02380365
0.024719175
0.023498475
0.023498475
0.023498475
0.024414
0.024108825
0.024108825
0.02380365
0.024108825
0.02380365
0.024414
0.024719175
0.0219726
0.0158691
0.01525875
0.0146484
0.0146484
0.01403805
0.013732875
0.015563925
0.01403805
0.014953575
0.014343225
0.015563925
0.014953575
0.014343225
0.014343225
0.01525875
0.015563925
0.014953575
0.013732875
0.01525875
0.0146484
0.014953575
0.0146484
0.015563925
0.01525875
0.0146484
0.014343225
0.01525875
0.013732875
0.013732875
0.013732875
0.013732875
0.0146484
0.01403805
0.01403805
0.014953575
0.01525875
0.0146484
0.01525875
0.01403805
0.014343225
0.014953575
0.014343225
0.01403805
0.0146484
0.0146484
0.014343225
0.0134277
0.014343225
0.01525875
0.013732875
0.013732875
0.0134277
0.0134277
0.014953575
0.0146484
0.01403805
0.0146484
0.014953575
0.01403805
0.014343225
0.0146484
0.013732875
0.01403805
0.014953575
0.014343225
0.0146484
0.01403805
0.014953575
0.0146484
0.013732875
0.01403805
0.013732875
0.014343225
0.014953575
0.01525875
0.014953575
0.0146484
0.013732875
0.014953575
0.01403805
0.01403805
0.013732875
0.014953575
0.01403805
0.01403805
0.01403805
0.0146484
0.014343225
0.01403805
0.0146484
0.01403805
0.014343225
0.01525875
0.0146484
0.0146484
0.01525875
0.0146484
0.014953575
0.014953575
0.014343225
0.0146484
0.0146484
0.013732875
0.014953575
0.0158691
0.014343225
0.0146484
0.01525875
0.014343225
0.014953575
0.014343225
0.01403805
0.01403805
0.014343225
0.013732875
0.013732875
0.014953575
0.014953575
0.0146484
0.01525875
0.0146484
0.014953575
0.01403805
0.014343225
0.014343225
0.014343225
0.013732875
0.014343225
0.0146484
0.014343225
0.01403805
0.01525875
0.01403805
0.013732875
0.014343225
0.0146484
0.014343225
0.014953575
0.01403805
0.013732875
0.013732875
0.014343225
0.014343225
0.01403805
0.0146484
0.014343225
0.0146484
0.014953575
0.015563925
0.0146484
0.01403805
0.014953575
0.014343225
0.0146484
0.014953575
0.0158691
0.016174275
0.014953575
0.015563925
0.0146484
0.0146484
0.015563925
0.0146484
0.01525875
0.0146484
0.01403805
0.014953575
0.014953575
0.0146484
0.014343225
0.0146484
0.0146484
0.01403805
0.01525875
0.014953575
0.01525875
0.014953575
0.01403805
0.01525875
0.014343225
0.01525875
0.0146484
0.01525875
0.01525875
0.015563925
0.014953575
0.015563925
0.014343225
0.01403805
0.014343225
0.0146484
0.01403805
0.0146484
0.01525875
0.014343225
0.014343225
0.014953575
0.014343225
0.01403805
0.01403805
0.014343225
0.01403805
0.014343225
0.014343225
0.014343225
0.0146484
0.01403805
0.01403805
0.0146484
0.01403805
0.0146484
0.017394975
0.013122525
0.015563925
0.014953575
0.014343225
0.0146484
0.0158691
0.01403805
0.014343225
0.0146484
0.0134277
0.013732875
0.014343225
0.014953575
0.014343225
0.01403805
0.015563925
0.014953575
0.015563925
0.014343225
0.014343225
0.01403805
0.013732875
0.0146484
0.013732875
0.014343225
0.01525875
0.014953575
0.014953575
0.0146484
0.014953575
0.01525875
0.01525875
0.0146484
0.014343225
0.014343225
0.013732875
0.014343225
0.014343225
0.01525875
0.014953575
0.01525875
0.013732875
0.01403805
0.0146484
0.0146484
0.0146484
0.015563925
0.016174275
0.0146484
0.0146484
0.01525875
0.014953575
0.015563925
0.01403805
0.014953575
0.014953575
0.014953575
0.014953575
0.01525875
0.01403805
0.014343225
0.014343225
0.01525875
0.01525875
0.014953575
0.01403805
0.0146484
0.014953575
0.014343225
0.014953575
0.015563925
0.01525875
0.0158691
0.0146484
0.014953575
0.01525875
0.015563925
0.014953575
0.014953575
0.015563925
0.01403805
0.014953575
0.01403805
0.014953575
0.0146484
0.016174275
0.0158691
0.01403805
-0.008850075
0.014343225
0.014343225
0.014953575
0.014953575
0.014343225
0.014953575
0.01403805
0.014953575
0.014953575
0.013732875
0.01525875
0.014343225
0.01403805
0.0146484
0.0146484
0.015563925
0.015563925
0.014343225
0.0146484
0.014953575
0.014343225
0.014343225
0.015563925
0.015563925
0.014953575
0.01647945
0.014953575
0.0146484
0.014953575
0.0146484
0.01525875
0.015563925
0.01403805
0.01403805
0.01525875
0.0146484
0.01403805
0.014343225
0.0146484
0.014343225
0.014343225
0.01525875
0.01525875
0.0146484
0.0146484
0.014953575
0.014343225
0.0146484
0.01525875
0.013732875
0.014343225
0.014343225
0.014343225
0.01525875
0.014953575
0.014343225
0.01525875
0.01525875
0.01525875
0.014953575
0.014343225
0.0146484
0.013732875
0.01525875
0.0134277
0.01525875
0.01525875
0.014953575
0.014953575
0.0146484
0.014953575
0.014953575
0.01525875
0.014343225
0.015563925
0.0146484
0.015563925
0.014953575
0.0146484
0.014953575
0.014953575
0.014953575
0.014953575
0.01525875
0.014953575
0.0146484
0.014953575
0.0146484
0.01403805
0.014953575
0.0146484
0.014953575
0.014343225
0.01403805
0.014953575
0.014343225
0.01403805
0.014953575
0.0146484
0.0146484
0.01525875
0.014953575
0.01403805
0.01403805
0.0146484
0.014343225
0.0146484
0.01525875
0.0158691
0.01525875
0.014343225
0.015563925
0.01525875
0.01403805
0.0158691
0.01525875
0.015563925
0.014953575
0.014343225
0.015563925
0.01403805
0.01525875
0.014343225
0.014953575
0.014953575
0.01403805
0.013732875
0.014343225
0.0158691
0.014953575
0.014343225
0.014953575
0.0146484
0.0146484
0.01525875
0.015563925
0.0146484
0.0146484
0.014343225
0.01525875
0.0146484
0.01525875
0.01525875
0.014953575
0.016174275
0.0146484
0.01403805
0.014953575
0.014953575
0.0146484
0.014343225
0.01525875
0.01525875
0.01525875
0.01525875
0.015563925
0.0146484
0.0146484
0.01403805
0.01525875
0.01403805
0.0146484
0.01403805
0.01525875
0.015563925
0.0146484
0.01525875
0.014953575
0.014343225
0.0146484
0.01525875
0.014953575
0.014953575
0.013732875
0.015563925
0.014953575
0.0146484
0.014343225
0.0158691
0.01403805
0.013732875
0.014343225
0.01525875
0.014953575
0.013732875
0.01525875
0.014953575
0.01525875
0.0158691
0.014343225
0.015563925
0.0146484
0.0146484
0.015563925
0.014953575
0.014343225
0.0146484
0.0158691
0.014343225
0.0146484
0.0146484
0.01403805
0.014343225
0.015563925
0.01403805
0.014343225
0.0158691
0.014953575
0.015563925
0.0146484
0.01403805
0.014343225
0.014343225
0.014343225
0.014953575
0.014953575
0.014343225
0.0146484
0.013732875
0.014953575
0.014953575
0.0146484
0.014953575
0.01525875
0.014343225
0.0146484
0.01403805
0.014953575
0.014343225
0.015563925
0.0146484
0.01525875
0.014953575
0.015563925
0.0158691
0.014953575
0.0146484
0.0146484
0.01525875
0.014953575
0.01525875
0.0146484
0.014953575
0.0146484
0.01525875
0.01525875
0.01525875
0.01525875
0.01525875
0.01525875
0.014343225
0.014343225
0.014953575
0.014953575
0.0146484
0.01525875
0.014953575
0.014343225
0.014953575
0.01403805
0.015563925
0.01525875
0.014343225
0.014343225
0.014343225
0.01525875
0.01403805
0.01403805
0.0146484
0.015563925
0.0146484
0.014953575
0.01525875
0.014953575
0.014953575
0.016174275
0.014953575
0.014953575
0.015563925
0.01525875
0.015563925
0.0146484
0.014953575
0.013732875
0.0158691
0.014953575
0.015563925
0.014343225
0.014343225
0.01525875
0.014343225
0.014953575
0.0146484
0.01525875
0.01403805
0.01525875
0.014953575
0.0146484
0.014953575
0.01525875
0.014343225
0.0158691
0.014953575
0.016174275
0.015563925
0.01403805
0.0146484
0.0146484
0.015563925
0.015563925
0.01525875
0.014343225
0.01525875
0.014953575
0.014953575
0.014953575
0.014953575
0.014953575
0.01525875
0.01525875
0.01525875
0.015563925
0.01525875
0.0146484
0.01525875
0.014953575
0.0158691
0.016174275
0.014953575
0.014953575
0.016174275
0.0158691
0.01525875
0.014953575
0.0146484
0.014953575
0.0146484
0.014953575
0.014343225
0.01525875
0.01403805
0.0146484
0.014953575
0.0158691
0.0158691
0.0146484
0.014953575
0.014343225
0.01525875
0.015563925
0.0146484
0.0146484
0.01403805
0.015563925
0.015563925
0.014953575
0.014343225
0.014953575
0.01525875
0.0146484
0.014343225
0.014953575
0.0158691
0.015563925
0.01525875
0.014343225
0.0158691
0.0158691
0.014953575
0.01525875
0.014953575
0.0158691
0.01525875
0.015563925
0.014343225
0.01525875
0.014953575
0.01403805
0.0146484
0.014953575
0.015563925
0.0146484
0.0146484
0.01525875
0.014953575
0.0146484
0.01403805
0.014343225
0.0146484
0.0146484
0.016174275
0.01525875
0.01525875
0.0146484
0.01525875
0.0146484
0.01403805
0.014953575
0.01525875
0.014953575
0.01525875
0.0146484
0.01525875
0.014953575
0.01525875
0.01525875
0.01525875
0.015563925
0.01525875
0.0146484
0.014953575
0.0146484
0.0146484
0.014953575
0.016174275
0.014343225
0.01525875
0.01525875
0.01525875
0.016784625
0.014953575
0.014953575
0.015563925
0.015563925
0.01525875
0.0158691
0.015563925
0.01403805
0.01525875
0.014343225
0.014953575
0.015563925
0.0146484
0.014953575
0.014953575
0.014343225
0.01525875
0.015563925
0.016174275
0.014343225
0.0146484
0.014343225
0.0146484
0.015563925
0.014953575
0.0158691
0.0146484
0.015563925
0.016174275
0.014343225
0.0146484
0.0146484
0.01525875
0.01525875
0.0146484
0.014953575
0.01525875
0.0146484
0.015563925
0.01525875
0.0146484
0.014953575
0.01403805
0.015563925
0.0146484
0.01403805
0.015563925
0.015563925
0.014343225
0.0158691
0.0146484
0.015563925
0.014953575
0.01525875
0.0146484
0.014343225
0.01525875
0.016174275
0.01525875
0.01525875
0.01525875
0.01403805
0.01525875
0.014953575
0.0146484
0.014953575
0.01525875
0.015563925
0.0146484
0.015563925
0.0146484
0.0146484
0.014343225
0.014953575
0.015563925
0.01525875
0.014343225
0.0134277
0.015563925
0.0146484
0.0146484
0.014953575
0.01525875
0.0146484
0.01525875
0.014953575
0.0146484
0.015563925
0.01403805
0.014953575
0.0146484
0.01525875
0.01525875
0.014343225
0.01525875
0.015563925
0.01525875
0.0146484
0.015563925
0.015563925
0.01525875
0.014953575
0.014953575
0.014953575
0.015563925
0.014953575
0.0158691
0.0146484
0.0146484
0.01525875
0.01525875
0.014343225
0.0146484
0.014953575
0.0146484
0.014953575
0.014953575
0.01770015
0.014953575
0.014953575
0.01525875
0.0146484
0.014343225
0.01525875
0.015563925
0.01525875
0.01525875
0.014953575
0.01525875
0.0146484
0.016174275
0.0146484
0.01525875
0.014953575
0.01525875
0.0146484
0.0146484
0.01525875
0.014953575
0.0146484
0.014343225
0.014953575
0.0158691
0.015563925
0.01525875
0.014953575
0.014953575
0.0146484
0.015563925
0.0146484
0.014343225
0.014953575
0.015563925
0.014953575
0.014343225
0.0146484
0.014953575
0.01403805
0.014953575
0.015563925
0.014343225
0.014953575
0.01403805
0.014343225
0.015563925
0.01525875
0.015563925
0.014343225
0.015563925
0.015563925
0.0146484
0.014343225
0.014343225
0.015563925
0.014953575
0.0158691
0.015563925
0.01403805
0.01525875
0.0146484
0.01525875
0.01525875
0.015563925
0.016174275
0.0146484
0.01525875
0.0146484
0.014343225
0.01403805
0.01403805
0.0146484
0.0158691
0.0158691
0.014953575
0.015563925
0.01525875
0.0146484
0.014953575
0.014343225
0.01525875
0.0158691
0.01525875
0.0146484
0.0146484
0.01525875
0.0158691
0.014953575
0.01525875
0.0146484
0.01525875
0.0146484
0.01525875
0.0158691
0.01525875
0.0146484
0.0146484
0.01525875
0.01525875
0.014953575
0.01525875
0.015563925
0.014343225
0.014953575
0.015563925
0.015563925
0.01525875
0.014953575
0.01403805
0.01525875
0.015563925
0.0146484
0.014953575
0.015563925
0.014343225
0.014343225
0.0146484
0.0158691
0.0146484
0.0158691
0.014953575
0.01403805
0.014343225
0.0146484
0.0158691
0.015563925
0.01525875
0.014953575
0.014343225
0.015563925
0.0146484
0.01525875
0.015563925
0.014953575
0.014953575
0.015563925
0.014953575
0.014343225
0.014343225
0.016174275
0.016174275
0.015563925
0.0146484
0.0146484
0.014343225
0.014953575
0.015563925
0.0146484
0.01525875
0.015563925
0.0146484
0.016174275
0.015563925
0.014343225
0.0146484
0.014343225
0.01525875
0.0146484
0.014343225
0.016174275
0.0158691
0.014343225
0.015563925
0.016174275
0.01525875
0.014953575
0.014953575
0.01525875
0.015563925
0.015563925
0.016174275
0.01525875
0.01525875
0.013732875
0.014953575
0.01525875
0.0146484
0.0146484
0.01525875
0.01525875
0.0158691
0.014953575
0.0158691
0.01525875
0.01525875
0.016174275
0.014343225
0.01525875
0.0158691
0.01525875
0.015563925
0.015563925
0.01525875
0.0146484
0.014953575
0.015563925
0.0158691
0.0146484
0.01647945
0.015563925
0.014953575
0.015563925
0.014953575
0.014343225
0.014343225
0.014953575
0.014343225
0.01525875
0.015563925
0.0146484
0.015563925
0.0158691
0.014953575
0.0146484
0.01403805
0.015563925
0.01525875
0.0158691
0.01525875
0.015563925
0.01525875
0.015563925
0.014953575
0.015563925
0.0158691
0.01525875
0.01403805
0.014953575
0.014343225
0.015563925
0.015563925
0.01525875
0.014343225
0.01525875
0.014343225
0.01525875
0.013732875
0.0146484
0.01525875
0.0158691
0.01525875
0.0146484
0.01525875
0.015563925
0.014953575
0.015563925
0.016174275
0.01525875
0.015563925
0.0146484
0.014343225
0.0158691
0.015563925
0.0146484
0.014953575
0.014343225
0.015563925
0.014953575
0.01525875
0.014953575
0.0146484
0.0146484
0.0146484
0.014953575
0.015563925
0.015563925
0.01525875
0.016174275
0.0146484
0.015563925
0.015563925
0.01403805
0.014953575
0.013732875
0.0158691
0.014953575
0.014953575
0.0146484
0.01525875
0.015563925
0.01525875
0.0146484
0.0158691
0.01525875
0.0146484
0.014343225
0.01525875
0.015563925
0.01525875
0.0146484
0.014343225
0.0158691
0.014953575
0.01403805
0.0158691
0.01525875
0.01525875
0.016174275
0.015563925
0.014343225
0.014953575
0.015563925
0.01525875
0.014343225
0.016174275
0.014953575
0.01525875
0.014953575
0.01525875
0.0146484
0.0146484
0.01525875
0.014343225
0.0146484
0.01403805
0.01525875
0.0146484
0.014953575
0.014953575
0.01525875
0.015563925
0.014953575
0.01525875
0.015563925
0.0146484
0.014343225
0.0146484
0.016174275
0.0158691
0.0158691
0.014953575
0.01525875
0.014953575
0.015563925
0.0158691
0.01525875
0.01525875
0.015563925
0.015563925
0.014343225
0.01525875
0.01525875
0.015563925
0.0158691
0.014953575
0.014953575
0.015563925
0.015563925
0.01403805
0.01525875
0.014953575
0.0146484
0.01647945
0.015563925
0.014953575
0.0146484
0.01525875
0.016174275
0.01525875
0.0158691
0.013732875
0.014343225
0.01525875
0.01403805
0.014953575
0.0146484
0.01525875
0.0146484
0.0146484
0.016174275
0.014953575
0.015563925
0.01525875
0.0146484
0.01525875
0.014953575
0.01525875
0.0158691
0.0158691
0.014343225
0.0146484
0.01525875
0.015563925
0.01525875
0.01525875
0.0158691
0.0158691
0.0146484
0.01525875
0.015563925
0.014953575
0.0146484
0.014953575
0.014343225
0.0146484
0.014953575
0.014953575
0.016174275
0.0146484
0.0146484
0.0158691
0.0146484
0.014953575
0.016174275
0.014953575
0.0158691
0.016174275
0.0146484
0.014953575
0.01525875
0.01525875
0.014953575
0.014953575
0.01525875
0.01525875
0.014953575
0.014953575
0.014953575
0.0158691
0.014953575
0.01403805
0.015563925
0.015563925
0.014953575
0.0146484
0.015563925
0.0146484
0.014343225
0.01525875
0.0146484
0.0146484
0.015563925
0.014343225
0.0146484
0.014953575
0.014953575
0.015563925
0.014343225
0.0146484
0.014953575
0.014343225
0.015563925
0.0158691
0.01525875
0.01525875
0.014953575
0.014953575
0.01525875
0.014953575
0.0146484
0.0158691
0.01525875
0.0146484
0.014953575
0.015563925
0.0146484
0.01525875
0.0158691
0.0146484
0.015563925
0.014953575
0.014953575
0.015563925
0.015563925
0.016174275
0.01525875
0.015563925
0.0146484
0.014953575
0.01525875
0.0158691
0.014343225
0.01525875
0.015563925
0.015563925
0.0158691
0.014343225
0.01525875
0.0158691
0.0146484
0.014343225
0.01525875
0.01525875
0.015563925
0.01525875
0.014953575
0.0146484
0.0146484
0.0158691
0.014953575
0.01525875
0.0146484
0.01525875
0.0158691
0.014953575
0.0158691
0.015563925
0.014953575
0.0158691
0.014953575
0.01525875
0.014953575
0.014953575
0.0146484
0.015563925
0.0146484
0.01525875
0.0146484
0.01525875
0.016174275
0.015563925
0.014953575
0.0158691
0.01525875
0.01525875
0.014953575
0.01525875
0.015563925
0.0146484
0.014953575
0.015563925
0.014953575
0.01525875
0.0146484
0.014343225
0.014343225
0.015563925
0.015563925
0.015563925
0.014343225
0.0158691
0.014953575
0.01403805
0.014953575
0.015563925
0.01525875
0.014953575
0.014953575
0.01525875
0.0146484
0.0146484
0.0158691
0.013732875
0.0146484
0.01403805
0.015563925
0.0146484
0.01525875
0.0146484
0.014953575
0.01525875
0.01525875
0.0146484
0.0146484
0.015563925
0.014953575
0.0146484
0.014953575
0.0158691
0.01525875
0.015563925
0.014953575
0.016174275
0.014343225
0.014953575
0.0146484
0.016174275
0.0158691
0.015563925
0.014343225
0.0146484
0.01525875
0.0158691
0.01525875
0.015563925
0.01525875
0.0146484
0.016174275
0.015563925
0.0146484
0.01525875
0.0146484
0.01525875
0.01525875
0.014953575
0.01525875
0.015563925
0.01525875
0.0146484
0.015563925
0.0146484
0.0146484
0.016174275
0.0146484
0.01525875
0.014953575
0.015563925
0.014953575
0.014343225
0.014953575
0.0158691
0.014343225
0.01525875
0.0158691
0.014953575
0.014953575
0.0158691
0.014343225
0.014953575
0.016174275
0.01525875
0.0146484
0.01525875
0.014953575
0.0146484
0.01525875
0.016174275
0.014343225
0.015563925
0.0158691
0.0146484
0.015563925
0.0158691
0.0146484
0.015563925
0.01525875
0.014953575
0.0146484
0.014343225
0.014953575
0.014343225
0.01525875
0.015563925
0.015563925
0.014953575
0.015563925
0.015563925
0.014953575
0.01525875
0.0146484
0.01525875
0.015563925
0.015563925
0.015563925
0.01525875
0.014953575
0.015563925
0.014343225
0.015563925
0.01525875
0.014343225
0.014953575
0.0146484
0.01525875
0.015563925
0.0158691
0.01525875
0.015563925
0.01647945
0.014953575
0.016174275
0.0158691
0.014953575
0.014343225
0.01647945
0.0158691
0.014953575
0.016174275
0.01647945
0.015563925
0.01525875
0.015563925
0.015563925
0.01525875
0.015563925
0.01525875
0.0158691
0.0158691
0.016174275
0.0146484
0.01525875
0.01525875
0.0146484
0.016174275
0.015563925
0.0158691
0.01525875
0.014953575
0.0146484
0.01525875
0.014343225
0.015563925
0.0158691
0.01525875
0.014953575
0.014953575
0.014953575
0.015563925
0.014953575
0.0146484
0.015563925
0.01525875
0.01525875
0.0146484
0.01525875
0.01525875
0.0158691
0.01525875
0.01525875
0.01525875
0.014953575
0.01403805
0.01525875
0.014953575
0.015563925
0.015563925
0.01525875
0.01525875
0.0158691
0.0158691
0.0146484
0.0158691
0.014343225
0.0146484
0.014953575
0.01525875
0.014343225
0.01525875
0.014953575
0.0146484
0.01525875
0.01525875
0.014343225
0.01403805
0.014953575
0.0146484
0.0158691
0.014953575
0.014343225
0.0158691
0.014953575
0.014953575
0.0158691
0.014953575
0.015563925
0.014953575
0.0146484
0.0146484
0.0146484
0.014343225
0.01525875
0.0146484
0.015563925
0.015563925
0.0158691
0.015563925
0.014953575
0.015563925
0.015563925
0.01525875
0.016174275
0.015563925
0.0158691
0.0158691
0.01525875
0.014953575
0.01525875
0.01525875
0.016784625
0.015563925
0.014953575
0.0146484
0.01525875
0.01525875
0.015563925
0.01525875
0.0158691
0.01403805
0.014953575
0.01525875
0.014953575
0.01525875
0.01525875
0.01525875
0.014953575
0.015563925
0.015563925
0.0158691
0.015563925
0.01525875
0.0158691
0.016174275
0.0158691
0.015563925
0.0158691
0.014953575
0.0146484
0.01525875
0.01525875
0.0146484
0.0146484
0.01525875
0.01525875
0.0146484
0.0146484
0.01525875
0.01525875
0.0146484
0.0158691
0.0146484
0.015563925
0.015563925
0.0146484
0.015563925
0.014953575
0.0158691
0.014953575
0.015563925
0.015563925
0.0146484
0.0146484
0.0146484
0.0146484
0.014953575
0.015563925
0.0146484
0.0146484
0.0146484
0.0158691
0.0158691
0.015563925
0.0146484
0.015563925
0.01525875
0.0146484
0.014343225
0.015563925
0.01525875
0.0146484
0.016174275
0.0146484
0.0146484
0.01525875
0.01525875
0.01525875
0.01525875
0.0146484
0.016174275
0.014343225
0.014953575
0.014953575
0.0146484
0.015563925
0.01525875
0.01525875
0.015563925
0.0146484
0.01525875
0.0146484
0.014953575
0.01525875
0.0146484
0.014953575
0.016174275
0.01525875
0.013732875
0.0146484
0.015563925
0.015563925
0.0146484
0.014953575
0.01525875
0.0158691
0.0146484
0.0146484
0.014953575
0.01525875
0.014953575
0.01525875
0.014953575
0.01525875
0.014953575
0.014953575
0.0146484
0.01525875
0.015563925
0.016174275
0.0146484
0.014953575
0.015563925
0.014953575
0.0158691
0.0158691
0.0158691
0.014953575
0.0146484
0.0158691
0.016174275
0.01525875
0.014953575
0.01525875
0.01525875
0.015563925
0.01525875
0.0146484
0.015563925
0.016784625
0.01525875
0.014343225
0.0146484
0.0158691
0.014953575
0.01525875
0.01403805
0.01525875
0.0146484
0.01525875
0.016174275
0.014953575
0.01525875
0.016174275
0.01525875
0.014343225
0.0158691
0.014953575
0.0158691
0.01525875
0.0158691
0.015563925
0.0146484
0.01525875
0.01525875
0.016174275
0.0158691
0.014953575
0.0146484
0.0146484
0.0158691
0.0158691
0.01525875
0.01525875
0.01525875
0.016174275
0.016174275
0.015563925
0.014953575
0.014953575
0.015563925
0.0158691
0.01525875
0.0158691
0.014953575
0.014953575
0.01525875
0.014343225
0.0158691
0.0146484
0.014953575
0.01525875
0.01525875
0.014953575
0.015563925
0.01525875
0.015563925
0.01525875
0.016174275
0.014953575
0.01525875
0.01525875
0.01525875
0.015563925
0.014953575
0.016174275
0.0146484
0.014953575
0.0158691
0.01525875
0.015563925
0.0146484
0.015563925
0.01525875
0.015563925
0.0158691
0.014953575
0.015563925
0.014953575
0.014953575
0.015563925
0.01525875
0.014953575
0.0158691
0.014953575
0.0146484
0.0158691
0.015563925
0.0158691
0.01525875
0.0158691
0.0146484
0.01525875
0.01525875
0.0158691
0.014953575
0.01525875
0.01525875
0.0146484
0.013732875
0.01525875
0.014953575
0.015563925
0.015563925
0.016174275
0.0158691
0.014343225
0.015563925
0.014953575
0.01525875
0.015563925
0.016174275
0.01525875
0.014953575
0.016174275
0.01525875
0.014953575
0.015563925
0.01525875
0.014953575
0.014953575
0.015563925
0.014953575
0.0146484
0.015563925
0.014953575
0.015563925
0.0146484
0.014953575
0.0158691
0.014953575
0.016174275
0.01525875
0.016174275
0.0146484
0.016174275
0.01525875
0.0158691
0.01525875
0.01525875
0.0146484
0.015563925
0.014953575
0.01525875
0.0146484
0.0146484
0.01403805
0.014953575
0.0146484
0.015563925
0.01525875
0.014953575
0.0158691
0.01525875
0.016174275
0.014953575
0.014343225
0.014953575
0.015563925
0.01525875
0.0146484
0.014953575
0.015563925
0.014953575
0.0158691
0.014953575
0.01647945
0.015563925
0.016174275
0.015563925
0.01403805
0.015563925
0.014953575
0.014953575
0.01525875
0.015563925
0.0146484
0.015563925
0.015563925
0.014953575
0.014953575
0.01525875
0.014953575
0.01525875
0.016174275
0.015563925
0.014953575
0.0146484
0.014953575
0.0146484
0.015563925
0.016174275
0.01525875
0.015563925
0.0158691
0.014343225
0.0158691
0.01525875
0.015563925
0.0146484
0.01647945
0.014953575
0.01525875
0.0158691
0.01525875
0.0146484
0.015563925
0.015563925
0.016174275
0.016174275
0.016174275
0.0146484
0.015563925
0.014953575
0.016174275
0.01525875
0.0158691
0.015563925
0.015563925
0.0158691
0.01525875
0.015563925
0.014343225
0.015563925
0.015563925
0.016174275
0.0146484
0.0158691
0.01647945
0.0158691
0.014343225
0.015563925
0.01525875
0.014953575
0.01525875
0.01525875
0.0158691
0.0158691
0.015563925
0.01525875
0.014953575
0.01403805
0.015563925
0.01525875
0.01525875
0.0146484
0.01525875
0.015563925
0.01525875
0.015563925
0.01525875
0.016174275
0.015563925
0.01525875
0.015563925
0.0158691
0.015563925
0.0158691
0.01525875
0.0158691
0.01525875
0.01525875
0.014343225
0.01525875
0.0158691
0.014343225
0.01525875
0.01525875
0.014953575
0.0146484
0.01525875
0.014953575
0.014953575
0.01525875
0.014953575
0.015563925
0.014953575
0.01403805
0.0158691
0.0146484
0.014343225
0.0158691
0.0170898
0.014953575
0.0146484
0.015563925
0.016174275
0.0158691
0.0146484
0.015563925
0.01525875
0.0146484
0.01525875
0.0158691
0.015563925
0.016174275
0.014343225
0.01525875
0.0146484
0.0146484
0.014953575
0.0109863
0.01525875
0.0158691
0.01525875
0.0146484
0.016174275
0.01525875
0.015563925
0.01525875
0.015563925
0.01525875
0.015563925
0.01647945
0.015563925
0.015563925
0.0146484
0.01403805
0.0146484
0.01525875
0.016174275
0.014953575
0.01525875
0.01525875
0.014953575
0.014953575
0.0146484
0.0158691
0.015563925
0.0146484
0.014953575
0.014953575
0.01525875
0.014343225
0.01647945
0.015563925
0.0146484
0.01525875
0.0146484
0.01525875
0.01525875
0.0146484
0.015563925
0.014953575
0.014953575
0.015563925
0.014953575
0.015563925
0.01525875
0.014343225
0.01525875
0.0146484
0.015563925
0.014953575
0.0146484
0.015563925
0.01525875
0.014953575
0.0158691
0.0158691
0.0158691
0.0146484
0.016174275
0.0146484
0.016174275
0.01525875
0.015563925
0.01403805
0.01525875
0.014953575
0.014953575
0.014953575
0.014953575
0.016174275
0.014953575
0.01525875
0.0158691
0.0158691
0.01525875
0.0158691
0.0146484
0.014953575
0.015563925
0.01525875
0.014953575
0.015563925
0.0146484
0.0146484
0.01525875
0.015563925
0.01525875
0.01525875
0.0146484
0.015563925
0.01525875
0.015563925
0.015563925
0.014953575
0.014953575
0.014343225
0.0146484
0.015563925
0.014953575
0.0146484
0.016174275
0.014953575
0.015563925
0.015563925
0.014953575
0.014953575
0.01525875
0.014343225
0.015563925
0.015563925
0.015563925
0.014953575
0.016174275
0.014953575
0.0146484
0.01525875
0.014343225
0.01525875
0.015563925
0.01525875
0.0158691
0.015563925
0.01525875
0.015563925
0.014953575
0.016174275
0.0158691
0.0158691
0.015563925
0.015563925
0.0158691
0.015563925
0.014953575
0.015563925
0.014953575
0.016174275
0.0158691
0.014953575
0.014953575
0.01403805
0.0146484
0.0146484
0.015563925
0.015563925
0.0158691
0.015563925
0.01525875
0.016174275
0.014953575
0.015563925
0.0158691
0.01525875
0.01525875
0.015563925
0.015563925
0.0158691
0.01525875
0.014953575
0.0158691
0.014953575
0.015563925
0.014953575
0.015563925
0.015563925
0.014953575
0.01525875
0.0146484
0.014953575
0.0158691
0.014953575
0.01525875
0.015563925
0.0146484
0.0146484
0.01525875
0.01525875
0.015563925
0.0146484
0.015563925
0.015563925
0.014953575
0.015563925
0.01403805
0.015563925
0.014953575
0.015563925
0.01525875
0.014953575
0.014953575
0.0146484
0.016174275
0.0158691
0.016174275
0.014953575
0.015563925
0.0158691
0.015563925
0.0146484
0.014953575
0.014953575
0.014953575
0.015563925
0.01525875
0.015563925
0.014953575
0.015563925
0.0146484
0.015563925
0.015563925
0.014953575
0.01525875
0.014343225
0.014953575
0.0146484
0.014953575
0.015563925
0.014343225
0.0158691
0.015563925
0.01525875
0.015563925
0.0158691
0.01525875
0.01525875
0.016174275
0.016174275
0.01525875
0.0146484
0.014953575
0.015563925
0.015563925
0.014953575
0.01525875
0.014953575
0.015563925
0.014953575
0.01525875
0.0146484
0.014953575
0.0146484
0.014343225
0.015563925
0.015563925
0.0146484
0.014953575
0.015563925
0.01525875
0.014343225
0.0146484
0.01525875
0.014343225
0.014953575
0.015563925
0.015563925
0.01525875
0.0158691
0.015563925
0.0158691
0.016784625
0.01525875
0.01525875
0.015563925
0.015563925
0.0158691
0.015563925
0.015563925
0.01525875
0.01525875
0.0146484
0.013732875
0.015563925
0.01525875
0.01525875
0.0146484
0.014953575
0.0158691
0.016174275
0.014953575
0.0158691
0.014343225
0.014953575
0.015563925
0.015563925
0.01525875
0.01525875
0.015563925
0.015563925
0.015563925
0.0158691
0.014953575
0.014953575
0.01525875
0.01525875
0.01525875
0.0158691
0.01525875
0.0146484
0.014953575
0.01525875
0.015563925
0.01525875
0.014953575
0.014953575
0.016174275
0.01647945
0.014953575
0.0158691
0.014343225
0.014953575
0.0146484
0.016174275
0.0146484
0.01525875
0.016174275
0.0158691
0.01525875
0.015563925
0.01525875
0.014343225
0.014953575
0.014953575
0.015563925
0.0146484
0.0146484
0.014953575
0.014953575
0.0146484
0.01525875
0.016174275
0.014953575
0.0146484
0.016174275
0.014953575
0.015563925
0.014953575
0.014953575
0.0146484
0.01647945
0.014953575
0.015563925
0.016174275
0.0158691
0.014953575
0.014953575
0.01525875
0.01525875
0.014953575
0.015563925
0.014343225
0.013732875
0.014953575
0.0146484
0.0146484
0.0158691
0.015563925
0.014343225
0.0158691
0.015563925
0.01525875
0.015563925
0.01525875
0.016174275
0.014953575
0.014953575
0.0146484
0.0146484
0.01647945
0.014953575
0.0158691
0.01525875
0.014953575
0.0158691
0.014953575
0.01525875
0.015563925
0.014953575
0.01525875
0.014953575
0.014953575
0.0158691
0.014953575
0.0146484
0.014953575
0.0146484
0.01403805
0.014953575
0.0146484
0.0158691
0.015563925
0.014953575
0.015563925
0.0146484
0.014953575
0.01403805
0.0158691
0.015563925
0.015563925
0.014953575
0.01647945
0.01525875
0.015563925
0.01525875
0.01525875
0.01525875
0.0146484
0.016174275
0.015563925
0.014953575
0.016174275
0.014953575
0.0158691
0.015563925
0.015563925
0.01647945
0.016174275
0.0158691
0.015563925
0.0146484
0.015563925
0.014953575
0.01525875
0.01525875
0.014953575
0.01525875
0.014953575
0.01525875
0.015563925
0.015563925
0.01525875
0.014953575
0.0158691
0.01525875
0.01525875
0.015563925
0.01525875
0.0146484
0.015563925
0.015563925
0.015563925
0.016174275
0.014953575
0.014953575
0.0158691
0.01525875
0.01525875
0.015563925
0.01525875
0.016174275
0.0146484
0.014953575
0.0158691
0.015563925
0.01525875
0.01525875
0.014953575
0.014953575
0.014953575
0.0158691
0.014953575
0.01525875
0.01525875
0.016174275
0.015563925
0.0158691
0.0158691
0.015563925
0.014953575
0.0146484
0.01525875
0.0146484
0.0158691
0.0158691
0.01525875
0.015563925
0.0146484
0.01525875
0.015563925
0.0146484
0.014953575
0.014953575
0.014343225
0.016174275
0.0158691
0.0158691
0.0146484
0.01525875
0.01525875
0.014953575
0.0158691
0.015563925
0.015563925
0.014953575
0.0158691
0.016174275
0.01525875
0.014343225
0.0158691
0.01525875
0.0146484
0.015563925
0.014953575
0.016174275
0.0146484
0.0146484
0.01525875
0.015563925
0.01525875
0.014953575
0.0146484
0.014953575
0.014953575
0.016174275
0.015563925
0.0158691
0.014953575
0.01647945
0.0146484
0.0146484
0.0146484
0.016174275
0.014953575
0.015563925
0.015563925
0.0158691
0.015563925
0.015563925
0.014953575
0.0158691
0.015563925
0.01525875
0.014953575
0.01525875
0.016174275
0.015563925
0.01525875
0.0158691
0.015563925
0.01525875
0.01647945
0.0146484
0.01525875
0.0158691
0.01525875
0.0146484
0.01525875
0.01525875
0.014343225
0.015563925
0.01525875
0.014953575
0.01525875
0.0146484
0.0158691
0.0158691
0.015563925
0.01525875
0.016174275
0.014953575
0.015563925
0.0158691
0.016174275
0.016174275
0.016174275
0.01647945
0.014953575
0.014953575
0.016784625
0.015563925
0.015563925
0.015563925
0.015563925
0.0146484
0.01525875
0.01525875
0.015563925
0.015563925
0.01525875
0.016174275
0.01525875
0.015563925
0.015563925
0.01525875
0.014953575
0.0158691
0.0146484
0.0158691
0.015563925
0.0158691
0.015563925
0.01525875
0.014343225
0.01525875
0.0158691
0.01647945
0.0158691
0.015563925
0.0158691
0.0158691
0.015563925
0.016174275
0.0158691
0.01647945
0.014953575
0.015563925
0.016174275
0.01647945
0.016174275
0.0170898
0.01647945
0.0158691
0.015563925
0.016174275
0.01525875
0.01647945
0.016784625
0.016174275
0.014953575
0.01647945
0.016174275
0.01647945
0.016174275
0.015563925
0.01647945
0.01647945
0.0158691
0.016784625
0.01647945
0.0158691
0.016784625
0.01647945
0.01647945
0.0170898
0.016784625
0.01770015
0.016784625
0.0170898
0.01770015
0.01647945
0.01647945
0.017394975
0.016174275
0.01770015
0.016784625
0.0170898
0.0170898
0.0170898
0.017394975
0.016784625
0.018005325
0.016784625
0.01647945
0.017394975
0.0170898
0.017394975
0.016784625
0.017394975
0.0170898
0.016784625
0.016784625
0.01770015
0.0170898
0.0170898
0.018005325
0.017394975
0.017394975
0.01770015
0.018005325
0.0170898
0.018005325
0.01770015
0.01770015
0.01770015
0.01770015
0.016784625
0.01770015
0.01770015
0.019226025
0.0183105
0.01770015
0.018005325
0.01892085
0.01770015
0.01892085
0.0170898
0.01770015
0.01770015
0.0183105
0.019226025
0.01892085
0.01892085
0.01892085
0.019226025
0.019226025
0.019226025
0.019226025
0.019836375
0.019226025
0.019836375
0.020446725
0.020446725
0.019226025
0.02136225
0.02014155
0.0219726
0.021057075
0.02136225
0.021057075
0.022277775
0.021057075
0.021057075
0.022888125
0.022277775
0.022277775
0.022888125
0.022888125
0.02258295
0.024108825
0.023498475
0.0231933
0.02502435
0.02502435
0.0256347
0.025939875
0.0256347
0.0256347
0.025939875
0.026550225
0.02746575
0.027770925
0.027160575
0.028381275
0.028381275
0.02868645
0.02990715
0.029601975
0.02990715
0.030212325
0.029601975
0.03112785
0.02990715
0.0305175
0.0341796
0.033874425
0.032653725
0.03356925
0.035095125
0.03601065
0.036926175
0.037536525
0.037536525
0.036926175
0.037536525
0.038757225
0.03723135
0.038757225
0.039367575
0.03845205
0.03845205
0.039367575
0.0402831
0.041198625
0.0415038
0.04211415
0.04211415
0.043640025
0.0427245
0.043640025
0.043640025
0.04333485
0.0451659
0.04577625
0.044860725
0.044860725
0.043640025
0.046081425
0.045471075
0.046081425
0.046081425
0.0463866
0.0463866
0.046081425
0.045471075
0.046081425
0.0463866
0.046691775
0.045471075
0.046081425
0.0463866
0.04577625
0.045471075
0.046691775
0.0451659
0.04455555
0.044250375
0.044860725
0.044250375
0.044250375
0.044860725
0.04577625
0.0451659
0.04455555
0.04455555
0.044860725
0.044250375
0.0439452
0.044250375
0.043029675
0.0415038
0.04333485
0.04089345
0.040588275
0.04089345
0.04089345
0.038757225
0.037536525
0.036926175
0.035095125
0.035705475
0.0354003
0.03356925
0.033264075
0.0329589
0.0317382
0.031433025
0.0305175
0.029601975
0.0292968
0.028991625
0.0268554
0.0268554
0.025939875
0.0256347
0.026550225
0.0256347
0.024108825
0.023498475
0.02380365
0.0231933
0.024108825
0.0231933
0.02136225
0.021667425
0.021057075
0.021667425
0.02136225
0.0219726
0.0207519
0.021057075
0.0207519
0.019836375
0.02136225
0.02136225
0.021057075
0.0207519
0.0207519
0.0195312
0.020446725
0.02014155
0.0207519
0.019226025
0.019836375
0.0195312
0.020446725
0.018615675
0.02014155
0.0195312
0.0195312
0.01770015
0.018615675
0.01892085
0.0183105
0.0195312
0.01892085
0.01770015
0.0183105
0.018005325
0.019226025
0.018615675
0.018615675
0.0183105
0.017394975
0.019226025
0.018615675
0.017394975
0.0170898
0.017394975
0.017394975
0.01770015
0.0170898
0.0170898
0.018005325
0.016784625
0.01647945
0.01647945
0.018005325
0.01770015
0.016174275
0.017394975
0.017394975
0.016174275
0.01770015
0.016174275
0.01647945
0.016784625
0.016174275
0.016174275
0.016784625
0.01647945
0.0170898
0.01647945
0.016784625
0.016174275
0.016174275
0.016784625
0.0158691
0.015563925
0.01647945
0.016174275
0.015563925
0.016174275
0.0158691
0.01647945
0.016174275
0.015563925
0.01647945
0.01525875
0.01525875
0.0158691
0.01647945
0.015563925
0.015563925
0.016174275
0.015563925
0.0158691
0.01647945
0.01647945
0.015563925
0.01647945
0.0158691
0.016784625
0.0158691
0.015563925
0.01647945
0.015563925
0.016174275
0.01647945
0.0158691
0.014953575
0.015563925
0.01525875
0.016784625
0.01647945
0.016174275
0.016174275
0.015563925
0.015563925
0.01525875
0.0158691
0.002136225
0.016174275
0.016174275
0.015563925
0.01525875
0.01525875
0.0158691
0.0158691
0.01525875
0.016784625
0.0158691
0.01525875
0.0146484
0.01525875
0.014953575
0.014953575
0.0158691
0.01525875
0.014953575
0.015563925
0.014953575
0.014953575
0.014953575
0.016174275
0.016784625
0.015563925
0.015563925
0.015563925
0.016174275
0.01647945
0.0146484
0.0158691
0.0146484
0.01525875
0.01525875
0.015563925
0.01525875
0.016174275
0.016174275
0.0158691
0.01647945
0.016174275
0.01525875
0.01525875
0.015563925
0.016784625
0.015563925
0.015563925
0.015563925
0.01525875
0.016174275
0.0146484
0.015563925
0.01525875
0.0146484
0.01525875
0.0146484
0.0146484
0.0146484
0.01525875
0.0158691
0.014343225
0.014953575
0.014953575
0.01647945
0.0158691
0.01525875
0.01525875
0.01525875
0.01525875
0.01647945
0.015563925
0.015563925
0.0158691
0.01525875
0.014343225
0.0158691
0.01525875
0.01525875
0.015563925
0.0158691
0.0158691
0.01525875
0.015563925
0.014953575
0.0158691
0.016174275
0.01525875
0.014953575
0.015563925
0.014953575
0.0158691
0.0146484
0.015563925
0.01525875
0.0158691
0.0158691
0.01647945
0.0158691
0.0158691
0.01525875
0.0158691
0.0158691
0.0158691
0.0158691
0.016174275
0.016174275
0.0158691
0.014343225
0.015563925
0.01525875
0.0158691
0.0158691
0.01647945
0.0146484
0.0158691
0.01525875
0.01525875
0.01525875
0.016174275
0.016174275
0.01525875
0.01525875
0.01525875
0.0146484
0.015563925
0.0146484
0.0158691
0.01525875
0.014953575
0.016174275
0.015563925
0.015563925
0.014953575
0.01525875
0.0158691
0.01525875
0.015563925
0.0158691
0.015563925
0.014953575
0.0146484
0.0158691
0.01525875
0.0146484
0.015563925
0.014343225
0.015563925
0.016174275
0.0146484
0.015563925
0.014953575
0.014953575
0.01525875
0.016174275
0.0158691
0.01525875
0.01525875
0.014343225
0.01525875
0.01525875
0.014953575
0.015563925
0.0146484
0.014953575
0.014953575
0.016174275
0.0158691
0.014953575
0.0146484
0.015563925
0.01525875
0.01525875
0.01525875
0.016784625
0.015563925
0.014953575
0.015563925
0.01525875
0.01525875
0.014953575
0.014953575
0.015563925
0.01525875
0.014953575
0.01525875
0.0158691
0.016174275
0.0158691
0.014953575
0.014953575
0.015563925
0.015563925
0.014953575
0.015563925
0.015563925
0.014953575
0.0146484
0.0158691
0.014953575
0.01525875
0.014953575
0.014953575
0.016174275
0.01525875
0.0146484
0.0158691
0.01525875
0.01525875
0.01647945
0.014953575
0.01525875
0.016174275
0.0158691
0.014343225
0.01525875
0.0158691
0.016784625
0.01525875
0.01525875
0.01525875
0.01525875
0.0158691
0.015563925
0.0158691
0.01525875
0.014953575
0.016174275
0.016174275
0.01525875
0.0158691
0.015563925
0.0158691
0.0158691
0.015563925
0.015563925
0.0158691
0.015563925
0.01525875
0.01525875
0.016784625
0.015563925
0.01525875
0.015563925
0.01647945
0.016174275
0.015563925
0.01525875
0.0158691
0.014953575
0.015563925
0.015563925
0.01525875
0.01525875
0.016174275
0.016174275
0.016174275
0.0158691
0.0146484
0.01525875
0.015563925
0.01647945
0.01525875
0.01647945
0.015563925
0.015563925
0.01525875
0.014953575
0.016784625
0.014953575
0.014953575
0.01647945
0.01525875
0.014953575
0.01525875
0.0146484
0.01525875
0.0158691
0.014953575
0.015563925
0.01525875
0.01525875
0.01647945
0.01525875
0.0158691
0.016174275
0.015563925
0.0158691
0.01647945
0.01647945
0.015563925
0.01525875
0.016174275
0.016174275
0.0158691
0.014953575
0.0158691
0.0158691
0.016174275
0.01525875
0.0158691
0.015563925
0.0158691
0.0158691
0.015563925
0.014953575
0.015563925
0.0146484
0.016174275
0.0158691
0.014953575
0.01525875
0.0158691
0.0158691
0.016784625
0.016174275
0.015563925
0.015563925
0.01525875
0.015563925
0.014953575
0.0158691
0.015563925
0.01525875
0.015563925
0.015563925
0.014953575
0.014953575
0.014953575
0.0158691
0.015563925
0.0158691
0.016174275
0.0146484
0.015563925
0.016174275
0.014953575
0.014953575
0.016174275
0.0158691
0.0158691
0.0158691
0.0158691
0.01647945
0.016174275
0.01525875
0.0158691
0.01647945
0.01525875
0.0158691
0.014953575
0.014953575
0.015563925
0.0158691
0.014953575
0.015563925
0.015563925
0.01525875
0.015563925
0.014953575
0.015563925
0.015563925
0.014953575
0.015563925
0.01525875
0.016174275
0.015563925
0.015563925
0.0158691
0.0158691
0.014343225
0.01647945
0.0146484
0.0158691
0.01525875
0.0146484
0.01647945
0.0158691
0.015563925
0.014953575
0.017394975
0.014953575
0.01647945
0.0158691
0.0158691
0.015563925
0.0158691
0.015563925
0.01525875
0.01647945
0.0158691
0.014953575
0.014953575
0.015563925
0.01525875
0.016174275
0.016174275
0.01647945
0.0146484
0.015563925
0.0158691
0.014953575
0.015563925
0.015563925
0.015563925
0.016174275
0.01647945
0.016174275
0.01525875
0.01525875
0.0158691
0.01647945
0.015563925
0.016174275
0.01647945
0.016174275
0.015563925
0.0158691
0.016174275
0.01525875
0.0158691
0.016174275
0.015563925
0.01525875
0.015563925
0.0158691
0.015563925
0.015563925
0.016174275
0.016174275
0.016784625
0.01525875
0.014953575
0.0158691
0.015563925
0.01525875
0.015563925
0.016784625
0.01525875
0.015563925
0.01647945
0.016174275
0.0146484
0.015563925
0.014953575
0.0158691
0.015563925
0.01525875
0.0158691
0.016174275
0.01525875
0.0158691
0.0170898
0.01647945
0.016174275
0.016784625
0.01647945
0.016174275
0.01525875
0.016174275
0.0158691
0.0158691
0.01525875
0.016174275
0.015563925
0.01647945
0.016174275
0.014953575
0.015563925
0.0146484
0.0158691
0.016174275
0.016784625
0.0158691
0.014953575
0.0170898
0.01647945
0.01525875
0.0158691
0.016784625
0.016174275
0.014953575
0.01647945
0.01525875
0.016174275
0.01647945
0.014953575
0.01525875
0.014953575
0.016174275
0.016174275
0.01647945
0.01525875
0.01647945
0.0170898
0.0158691
0.016174275
0.01647945
0.0158691
0.016174275
0.015563925
0.016174275
0.01647945
0.015563925
0.0158691
0.0158691
0.0158691
0.016174275
0.015563925
0.015563925
0.01647945
0.0158691
0.016784625
0.0158691
0.016174275
0.016784625
0.015563925
0.015563925
0.0158691
0.01647945
0.016174275
0.01525875
0.01647945
0.0158691
0.015563925
0.016174275
0.01647945
0.01647945
0.0158691
0.0158691
0.016174275
0.0158691
0.016174275
0.015563925
0.014953575
0.0158691
0.01647945
0.015563925
0.0158691
0.016174275
0.014953575
0.0183105
0.01647945
0.016174275
0.01525875
0.0158691
0.015563925
0.0158691
0.015563925
0.0158691
0.01647945
0.0158691
0.01525875
0.016174275
0.014953575
0.0158691
0.0158691
0.0158691
0.015563925
0.016174275
0.01647945
0.01525875
0.016784625
0.01525875
0.01647945
0.0158691
0.01647945
0.015563925
0.015563925
0.016174275
0.0158691
0.015563925
0.016174275
0.01525875
0.0146484
0.016174275
0.015563925
0.016174275
0.01525875
0.014953575
0.01525875
0.015563925
0.016174275
0.01525875
0.0158691
0.016174275
0.015563925
0.01647945
0.0158691
0.0158691
