wave1
0.035095125
0.03112785
0.02624505
0.024414
0.024108825
0.024108825
0.023498475
0.023498475
0.0231933
0.02380365
0.02502435
0.023498475
0.024719175
0.024719175
0.024719175
0.024719175
0.024719175
0.024414
0.024719175
0.024719175
0.024414
0.024719175
0.024719175
0.024414
0.024719175
0.02502435
0.024719175
0.024414
0.024108825
0.024108825
0.024719175
0.0256347
0.02502435
0.024108825
0.024719175
0.02502435
0.024414
0.024414
0.025329525
0.024414
0.023498475
0.024719175
0.024719175
0.024719175
0.02380365
0.02380365
0.025329525
0.025329525
0.024108825
0.024414
0.02380365
0.02380365
0.024719175
0.024719175
0.02380365
0.024414
0.023498475
0.025329525
0.024719175
0.0231933
0.024719175
0.02380365
0.024719175
0.024414
0.024108825
0.02380365
0.024414
-0.00183105
0.023498475
0.02380365
0.02502435
0.02380365
0.024108825
0.0256347
0.02502435
0.02502435
0.024414
0.024719175
0.024108825
0.024719175
0.02502435
0.02502435
0.02380365
0.02502435
0.024719175
0.02380365
0.024414
0.024719175
0.025939875
0.024719175
0.024414
0.024719175
0.02502435
0.024719175
0.024414
0.02502435
0.02502435
0.024719175
0.024108825
0.024108825
0.024414
0.025329525
0.02380365
0.024719175
0.02624505
0.025329525
0.024719175
0.024414
0.0256347
0.02502435
0.02502435
0.025329525
0.025329525
0.025939875
0.024414
0.025329525
0.0256347
0.024719175
0.025939875
0.024414
0.024719175
0.025329525
0.024719175
0.024719175
0.024108825
0.024719175
0.024719175
0.024108825
0.024719175
0.02380365
0.02502435
0.02380365
0.019226025
0.016784625
0.016784625
0.015563925
0.015563925
0.015563925
0.01525875
0.014953575
0.014953575
0.01525875
0.015563925
0.0158691
0.014343225
0.016174275
0.016174275
0.016174275
0.0158691
0.014953575
0.016174275
0.014953575
0.01647945
0.015563925
0.014953575
0.015563925
0.0146484
0.015563925
0.0146484
0.016174275
0.014953575
0.01525875
0.015563925
0.015563925
0.015563925
0.01525875
0.0146484
0.0158691
0.0158691
0.0158691
0.015563925
0.015563925
0.01525875
0.015563925
0.016174275
0.0158691
0.016784625
0.0158691
0.01525875
0.0158691
0.016174275
0.01525875
0.0158691
0.01525875
0.0146484
0.016174275
0.0158691
0.014953575
0.01525875
0.016174275
0.01525875
0.014953575
0.014343225
0.01525875
0.0146484
0.014953575
0.014953575
0.01525875
0.0158691
0.015563925
0.015563925
0.014953575
0.01525875
0.015563925
0.015563925
0.01525875
0.01525875
0.0158691
0.015563925
0.01525875
0.016784625
0.016174275
0.01525875
0.01525875
0.014953575
0.016174275
0.016174275
0.015563925
0.016174275
0.016174275
0.0158691
0.01647945
0.015563925
0.014953575
0.014953575
0.0158691
0.01647945
0.0158691
0.015563925
0.01647945
0.0158691
0.015563925
0.017394975
0.01525875
0.01647945
0.015563925
0.0146484
0.015563925
0.016174275
0.015563925
0.016174275
0.01525875
0.015563925
0.015563925
0.015563925
0.015563925
0.015563925
0.01525875
0.0158691
0.016174275
0.015563925
0.0158691
0.0158691
0.014953575
0.0146484
0.01525875
0.014953575
0.014953575
0.01647945
0.015563925
0.014953575
0.014343225
0.015563925
0.015563925
0.0146484
0.01525875
0.014953575
0.015563925
0.015563925
0.014953575
0.0146484
0.014953575
0.015563925
0.0158691
0.015563925
0.016174275
0.014953575
0.01525875
0.01525875
0.015563925
0.015563925
0.015563925
0.014953575
0.0158691
0.016784625
0.01525875
0.01525875
0.01647945
0.016174275
0.0158691
0.015563925
0.01525875
0.015563925
0.0158691
0.0158691
0.015563925
0.0158691
0.016174275
0.016784625
0.015563925
0.01647945
0.015563925
0.01525875
0.0158691
0.016174275
0.01647945
0.0158691
0.0158691
0.01647945
0.01525875
0.0146484
0.024719175
0.018005325
0.016174275
0.016174275
0.014953575
0.015563925
0.01525875
0.01525875
0.015563925
0.015563925
0.01525875
0.014953575
0.01647945
0.016174275
0.01525875
0.016174275
0.01525875
0.0158691
0.0158691
0.01525875
0.014343225
0.01525875
0.015563925
0.01525875
0.016174275
0.0158691
0.0158691
0.016174275
0.0158691
0.015563925
0.015563925
0.015563925
0.015563925
0.015563925
0.0158691
0.01525875
0.016174275
0.014953575
0.0146484
0.015563925
0.01525875
0.0158691
0.015563925
0.015563925
0.014953575
0.016174275
0.0158691
0.01525875
0.016174275
0.0158691
0.0158691
0.0146484
0.0158691
0.01647945
0.015563925
0.0158691
0.016174275
0.0146484
0.016174275
0.015563925
0.0158691
0.01525875
0.015563925
0.016174275
0.01647945
0.014953575
0.01525875
0.016174275
0.01525875
0.01525875
0.016174275
0.01647945
0.0158691
0.0158691
0.0158691
0.0158691
0.0158691
0.0158691
0.015563925
0.016174275
0.014953575
0.01525875
0.014953575
0.014343225
0.016174275
0.014343225
0.01525875
0.0158691
0.0158691
0.014953575
0.01525875
0.014953575
0.0158691
0.0158691
0.01525875
0.014953575
0.0158691
0.0146484
0.01525875
0.01647945
0.01647945
0.016174275
0.0158691
0.016174275
0.015563925
0.015563925
0.015563925
0.015563925
0.0158691
0.0158691
0.015563925
0.016174275
0.0158691
0.015563925
0.0146484
0.0158691
0.01525875
0.01647945
0.01647945
0.0158691
0.0158691
0.0158691
0.01525875
0.016174275
0.01647945
0.015563925
0.0158691
0.01525875
0.0158691
0.01525875
0.01525875
0.016784625
0.015563925
0.015563925
0.016174275
0.015563925
0.016174275
0.015563925
0.015563925
0.0158691
0.015563925
0.015563925
0.01525875
0.0146484
0.016784625
0.014953575
0.014343225
0.014953575
0.014953575
0.016174275
0.014953575
0.01525875
0.0146484
0.0146484
0.014343225
0.0158691
0.0158691
0.0158691
0.01525875
0.01525875
0.016174275
0.015563925
0.014953575
0.0158691
0.0158691
0.015563925
0.015563925
0.016174275
0.014343225
0.0158691
0.014953575
0.0158691
0.0158691
0.01525875
0.016174275
0.015563925
0.0158691
0.015563925
0.0158691
0.0158691
0.01525875
0.016174275
0.01525875
0.01647945
0.01525875
0.015563925
0.01525875
0.015563925
0.0158691
0.016174275
0.016174275
0.016784625
-0.009460425
0.01525875
0.015563925
0.0158691
0.016174275
0.0158691
0.016174275
0.01647945
0.014343225
0.01647945
0.015563925
0.016174275
0.01525875
0.01525875
0.01525875
0.0158691
0.016174275
0.015563925
0.0158691
0.014953575
0.015563925
0.014953575
0.0158691
0.0158691
0.015563925
0.015563925
0.0146484
0.016174275
0.0158691
0.014953575
0.016174275
0.014953575
0.0158691
0.014953575
0.014343225
0.015563925
0.014953575
0.015563925
0.01525875
0.015563925
0.016174275
0.01525875
0.014953575
0.015563925
0.015563925
0.015563925
0.016174275
0.01525875
0.014953575
0.01647945
0.01525875
0.015563925
0.01647945
0.014953575
0.015563925
0.01525875
0.0146484
0.014953575
0.015563925
0.015563925
0.015563925
0.01525875
0.015563925
0.01525875
0.015563925
0.0158691
0.0146484
0.01525875
0.01525875
0.01525875
0.01525875
0.015563925
0.01403805
0.015563925
0.014953575
0.0146484
0.01525875
0.0158691
0.0158691
0.015563925
-0.011901825
0.015563925
0.016784625
0.016784625
0.01525875
0.014953575
0.01525875
0.01525875
0.0158691
0.01525875
0.01647945
0.015563925
0.0158691
0.0158691
0.016784625
0.015563925
0.016174275
0.01525875
0.014953575
0.01647945
0.015563925
0.0158691
0.014953575
0.015563925
0.01525875
0.014953575
0.016174275
0.016784625
0.016174275
0.016174275
0.015563925
0.015563925
0.01525875
0.01525875
0.0158691
0.0158691
0.014953575
0.01525875
0.0158691
0.015563925
0.014953575
0.014953575
0.015563925
0.0146484
0.015563925
0.014953575
0.014953575
0.01525875
0.015563925
0.0146484
0.0146484
0.014953575
0.0146484
0.01525875
0.016174275
0.016174275
0.015563925
0.0158691
0.01647945
0.016174275
0.01525875
0.016174275
0.01525875
0.01525875
0.0146484
0.0146484
0.01525875
0.01525875
0.01525875
0.016174275
0.015563925
0.0146484
0.0158691
0.015563925
0.014953575
0.016174275
0.0158691
0.0158691
0.01647945
0.016174275
0.0158691
0.015563925
0.016174275
0.01525875
0.01647945
0.016174275
0.015563925
0.01525875
0.0158691
0.015563925
0.015563925
0.0158691
0.016174275
0.01647945
0.015563925
0.01525875
0.01525875
0.01525875
0.01525875
0.0170898
0.01647945
0.01525875
0.016174275
0.01525875
0.0146484
0.014343225
0.016174275
0.015563925
0.01525875
0.016174275
0.015563925
0.01525875
0.0158691
0.01525875
0.015563925
0.0158691
0.01525875
0.01525875
0.0158691
0.01525875
0.0146484
0.015563925
0.0158691
0.0158691
0.016174275
0.015563925
0.015563925
0.016174275
0.01525875
0.016174275
0.0158691
0.016174275
0.016174275
0.016174275
0.016174275
0.01525875
0.01525875
0.01647945
0.016174275
0.0158691
0.01525875
0.015563925
0.01647945
0.0158691
0.0158691
0.0158691
0.015563925
0.01525875
0.0146484
0.01525875
0.01647945
0.015563925
0.015563925
0.015563925
0.015563925
0.0158691
0.015563925
0.016174275
0.01525875
0.01525875
0.015563925
0.016174275
0.01647945
0.016174275
0.0158691
0.015563925
0.0158691
0.01647945
0.015563925
0.0158691
0.0158691
0.0158691
0.01647945
0.016174275
0.01647945
0.01525875
0.0158691
0.015563925
0.01525875
0.015563925
0.0158691
0.015563925
0.01525875
0.015563925
0.016784625
0.0158691
0.016174275
0.0158691
0.015563925
0.016784625
0.015563925
0.0158691
0.015563925
0.016174275
0.015563925
0.01647945
0.015563925
0.014953575
0.016174275
0.015563925
0.01647945
0.014953575
0.0158691
0.015563925
0.0158691
0.01525875
0.016784625
0.0170898
0.01525875
0.0170898
0.015563925
0.01525875
0.016174275
0.0158691
0.0158691
0.015563925
0.0146484
0.016174275
0.015563925
0.014343225
0.015563925
0.014953575
0.0158691
0.0158691
0.01647945
0.0158691
0.015563925
0.01525875
0.016174275
0.0146484
0.01647945
0.01525875
0.01647945
0.0158691
0.0158691
0.016784625
0.014953575
0.015563925
0.016174275
0.0158691
0.015563925
0.0158691
0.016174275
0.014343225
0.0158691
0.015563925
0.01647945
0.014953575
0.016174275
0.01647945
0.0158691
0.014953575
0.0158691
0.0158691
0.01647945
0.0158691
0.0158691
0.0158691
0.015563925
0.01525875
0.016174275
0.01525875
0.015563925
0.014953575
0.015563925
0.015563925
0.016174275
0.016174275
0.015563925
0.014953575
0.015563925
0.0158691
0.016174275
0.014953575
0.01525875
0.016174275
0.014953575
-0.010681125
0.01525875
0.01525875
0.016174275
0.015563925
0.014953575
0.0158691
0.015563925
0.0158691
0.0158691
0.015563925
0.015563925
0.01525875
0.0158691
0.016174275
0.019836375
0.0158691
0.015563925
0.015563925
0.01525875
0.0158691
0.0158691
0.01647945
0.0158691
0.016174275
0.016174275
0.016174275
0.01647945
0.016174275
0.016784625
0.0158691
0.01525875
0.01525875
0.015563925
0.015563925
0.015563925
0.014953575
0.01647945
0.0146484
0.015563925
0.0158691
0.01525875
0.015563925
0.016174275
0.015563925
0.014953575
0.015563925
0.0158691
0.01525875
0.0158691
0.016174275
0.0158691
0.0146484
0.0158691
0.016174275
0.01647945
0.0158691
0.01647945
0.015563925
0.0158691
0.0158691
0.0158691
0.016174275
0.01525875
0.01525875
0.0158691
0.01525875
0.0146484
0.016174275
0.014953575
0.014953575
0.016784625
0.016784625
0.016174275
0.01525875
0.015563925
0.014953575
0.014953575
0.01525875
0.0158691
0.0158691
0.0158691
0.01525875
0.015563925
0.018005325
0.0158691
0.015563925
0.016174275
0.015563925
0.01647945
0.014343225
0.015563925
0.01525875
0.01647945
0.015563925
0.0158691
0.015563925
0.016784625
0.015563925
0.016174275
0.0158691
0.016174275
0.0158691
0.0158691
0.015563925
0.01525875
0.0158691
0.01525875
0.0158691
0.015563925
0.015563925
0.01647945
0.016174275
0.015563925
0.014953575
0.0158691
0.016174275
0.01525875
0.015563925
0.01647945
0.01525875
0.0158691
0.01525875
0.014953575
0.014343225
0.014953575
0.014953575
0.015563925
0.014953575
0.01525875
0.015563925
0.015563925
0.01525875
0.016174275
0.0158691
0.015563925
0.016174275
0.0158691
0.0158691
0.0158691
0.014953575
0.0146484
0.015563925
0.01525875
0.015563925
0.0146484
0.01525875
0.015563925
0.0158691
0.015563925
0.0158691
0.014953575
0.01525875
0.015563925
0.016174275
0.0158691
0.014953575
0.015563925
0.014953575
0.0146484
0.016174275
0.01525875
0.014953575
0.0158691
0.01525875
0.014953575
0.01647945
0.015563925
0.01647945
0.014953575
0.01525875
0.016174275
0.015563925
0.01525875
0.015563925
0.016174275
0.0158691
0.015563925
0.015563925
0.0158691
0.016174275
0.0158691
0.01525875
0.0158691
0.01525875
0.01525875
0.0158691
0.0146484
0.01525875
0.0146484
0.015563925
0.0158691
0.015563925
0.014953575
0.01525875
0.0158691
0.01525875
0.016174275
0.0158691
0.014953575
0.01647945
0.01525875
0.0158691
0.015563925
0.016174275
0.0158691
0.015563925
0.0158691
0.015563925
0.014953575
0.0158691
0.016174275
0.016174275
0.015563925
0.0158691
0.01525875
0.016784625
0.01647945
0.0158691
0.016174275
0.014953575
0.01647945
0.015563925
0.01525875
0.016174275
0.0158691
0.016174275
0.01525875
0.016784625
0.0158691
0.01647945
0.015563925
0.01647945
0.016174275
0.016174275
0.0158691
0.01647945
0.016174275
0.015563925
0.0170898
0.015563925
0.01525875
0.016784625
0.01647945
0.015563925
0.0158691
0.0158691
0.0158691
0.015563925
0.01525875
0.014953575
0.01647945
0.01647945
0.0158691
0.0158691
0.016174275
0.016174275
0.015563925
0.015563925
0.01525875
0.01525875
0.016784625
0.016174275
0.014953575
0.014953575
0.01525875
0.015563925
0.015563925
0.015563925
0.015563925
0.016174275
0.016174275
0.0158691
0.0158691
0.015563925
0.0158691
0.0158691
0.015563925
0.01525875
0.015563925
0.0158691
0.0158691
0.0170898
0.0158691
0.0158691
0.0158691
0.0158691
0.01525875
0.015563925
0.01525875
0.015563925
0.0158691
0.01525875
0.0158691
0.01403805
0.014953575
0.017394975
0.016174275
0.016174275
0.016174275
0.01525875
0.015563925
0.01647945
0.016174275
0.016174275
0.016784625
0.01525875
0.0158691
0.0158691
0.0158691
0.015563925
0.015563925
0.01525875
0.016784625
0.0158691
0.0158691
0.0158691
0.016784625
0.016784625
0.0146484
0.014953575
0.01525875
0.01647945
0.016174275
0.0158691
0.01647945
0.015563925
0.01525875
0.0158691
0.01525875
0.016174275
0.016174275
0.016784625
0.016174275
0.016174275
0.01525875
0.0158691
0.016174275
0.01525875
0.0146484
0.016174275
0.016174275
0.0158691
0.01525875
0.016174275
0.015563925
0.016174275
0.0158691
0.0158691
0.016174275
0.016174275
0.0158691
0.015563925
0.014953575
0.0158691
0.015563925
0.016174275
0.0158691
0.01647945
0.0158691
0.01525875
0.0158691
0.01525875
0.016174275
0.015563925
0.01525875
0.0146484
0.014953575
0.014953575
0.014953575
0.01525875
0.01525875
0.016174275
0.01525875
0.016784625
0.016174275
0.016174275
0.016174275
0.01525875
0.0146484
0.016174275
0.016174275
0.016174275
0.01647945
0.0158691
0.015563925
0.016174275
0.016784625
0.01647945
0.0158691
0.0158691
0.01525875
0.01525875
0.016174275
0.01647945
0.015563925
0.01525875
0.016174275
0.015563925
0.016174275
0.01525875
0.01525875
0.015563925
0.014343225
0.0158691
0.014953575
0.014953575
0.014953575
0.0158691
0.01647945
0.01647945
0.01647945
0.01525875
0.0146484
0.0158691
0.0158691
0.01525875
0.0158691
0.0158691
0.0158691
-0.00915525
0.01525875
0.015563925
0.0146484
0.0158691
0.01647945
0.015563925
0.01525875
0.01525875
0.015563925
0.015563925
0.0158691
0.01525875
0.016174275
0.015563925
0.0158691
0.016174275
0.016174275
0.016784625
0.015563925
0.0158691
0.01647945
0.0170898
0.016784625
0.016784625
0.016784625
0.016174275
0.015563925
0.0158691
0.01647945
0.0158691
0.01647945
0.016174275
0.016174275
0.016174275
0.0158691
0.016784625
0.016174275
0.0158691
0.01647945
0.0158691
0.016174275
0.01525875
0.016784625
0.016174275
0.015563925
0.016174275
0.015563925
0.016174275
0.0158691
0.016174275
0.0158691
0.0170898
0.015563925
0.015563925
0.016174275
0.016174275
0.016174275
0.015563925
0.01647945
0.0158691
0.016784625
0.016174275
0.01647945
0.016174275
0.0170898
0.0158691
0.0158691
0.0158691
0.01647945
0.01525875
0.0170898
0.01647945
0.016174275
0.0158691
0.0158691
0.016174275
0.01647945
0.016174275
0.014953575
0.016174275
0.01647945
0.01647945
0.01647945
0.016174275
0.01647945
0.0158691
0.0158691
0.016784625
0.01647945
0.0158691
0.016784625
0.0170898
0.01525875
0.016784625
0.0170898
0.016174275
0.01647945
0.01647945
0.01525875
0.01525875
0.016784625
0.016174275
0.0158691
0.015563925
0.016174275
0.01525875
0.016174275
0.01647945
0.016784625
0.01525875
0.01647945
0.01525875
0.01647945
0.01647945
0.014953575
0.016174275
0.01770015
0.01647945
0.016174275
0.01525875
0.015563925
0.01525875
0.016174275
0.016174275
0.0158691
0.015563925
0.015563925
0.014953575
0.01647945
0.016784625
0.0158691
0.0158691
0.01647945
0.016784625
0.016174275
0.016784625
0.01525875
0.015563925
0.016174275
0.008239725
0.015563925
0.016174275
0.01647945
0.016174275
0.01647945
0.0158691
0.01525875
0.016174275
0.0158691
0.016174275
0.01525875
0.015563925
0.015563925
0.01525875
0.0158691
0.016174275
0.016174275
0.01647945
0.0158691
0.016174275
0.01647945
0.014953575
0.0158691
0.015563925
0.0158691
0.01647945
0.0158691
0.01525875
0.0170898
0.0158691
0.015563925
0.016784625
0.0170898
0.015563925
0.01647945
0.01647945
0.016174275
0.015563925
0.016174275
0.01647945
0.0158691
0.0170898
0.015563925
0.016784625
0.016784625
0.01647945
0.0158691
0.0158691
0.016174275
0.015563925
0.0158691
0.016784625
0.015563925
0.0183105
0.016784625
0.01525875
0.016174275
0.01525875
0.015563925
0.01525875
0.016174275
0.015563925
0.014953575
0.015563925
0.0158691
0.016174275
0.0158691
0.01525875
0.01647945
0.0170898
0.017394975
0.0158691
0.015563925
0.016174275
0.016174275
0.014953575
0.0158691
0.016174275
0.014953575
0.01647945
0.01647945
0.016784625
0.01647945
0.01647945
0.0158691
0.016784625
0.015563925
0.016174275
0.016784625
0.016784625
0.015563925
0.0158691
0.016174275
0.016784625
0.014953575
0.016174275
0.0158691
0.01647945
0.015563925
0.014953575
0.01525875
0.016174275
0.016174275
0.0170898
0.016174275
0.016174275
0.016784625
0.016174275
0.0158691
0.015563925
0.01647945
0.017394975
0.016174275
0.016174275
0.0158691
0.01647945
0.016174275
0.0158691
0.01525875
0.015563925
0.015563925
0.016174275
0.014953575
0.016174275
0.015563925
0.0158691
0.01525875
0.0158691
0.0158691
0.016174275
0.015563925
0.016174275
0.016174275
0.016784625
0.015563925
0.015563925
0.0158691
0.01525875
0.016784625
0.01525875
0.016174275
0.016174275
0.01647945
0.016174275
0.016784625
0.015563925
0.01525875
0.0158691
0.0158691
0.01647945
0.016174275
0.0158691
0.016174275
0.01525875
0.0158691
0.015563925
0.015563925
0.016174275
0.016784625
0.016174275
0.01525875
0.01525875
0.016174275
0.014953575
0.015563925
0.01647945
0.01647945
0.016174275
0.0158691
0.016174275
0.0158691
0.015563925
0.017394975
0.0158691
0.01647945
0.015563925
0.016174275
0.01647945
0.0158691
0.015563925
0.016174275
0.016174275
0.016174275
0.01647945
0.0158691
0.015563925
0.015563925
0.014953575
0.01647945
0.01525875
0.016174275
0.0158691
0.015563925
0.01525875
0.015563925
0.016174275
0.015563925
0.01525875
0.015563925
0.015563925
0.014953575
0.0158691
0.01647945
0.01647945
0.0158691
0.016784625
0.016174275
0.015563925
0.015563925
0.0158691
0.0158691
0.015563925
0.015563925
0.015563925
0.0158691
0.015563925
0.015563925
0.015563925
0.01647945
0.01525875
0.0158691
0.016174275
0.015563925
0.015563925
0.015563925
0.015563925
0.016174275
0.016784625
0.0158691
0.0158691
0.0158691
0.0158691
0.018005325
0.016174275
0.016784625
0.016174275
0.015563925
0.016174275
0.016784625
0.016174275
0.0158691
0.01647945
0.015563925
0.0158691
0.0158691
0.0146484
0.016174275
0.014343225
0.016174275
0.016174275
0.01525875
0.0158691
0.016784625
0.0158691
0.0158691
0.01647945
0.01647945
0.01647945
0.016784625
0.01647945
0.0158691
0.016174275
0.014953575
0.016174275
0.01647945
0.0158691
0.0146484
0.01525875
0.0158691
0.014953575
0.015563925
0.016784625
0.0170898
0.016174275
0.015563925
0.016784625
0.01647945
0.015563925
0.01525875
0.01647945
0.015563925
0.014953575
0.014953575
0.01525875
0.0158691
0.0158691
0.014953575
0.01525875
0.016174275
0.015563925
0.015563925
0.01525875
0.015563925
0.01647945
0.0158691
0.01647945
0.015563925
0.0158691
0.016174275
0.015563925
0.0158691
0.016174275
0.015563925
0.016174275
0.0158691
0.016174275
0.015563925
0.015563925
0.014953575
0.016174275
0.016174275
0.016174275
0.016174275
0.015563925
0.015563925
0.0146484
0.015563925
0.015563925
0.014953575
0.015563925
0.01525875
0.015563925
0.0158691
0.016174275
0.01647945
0.01647945
0.016784625
0.015563925
0.014953575
0.016174275
0.0158691
0.014953575
0.014953575
0.016784625
0.016174275
0.015563925
0.016174275
0.016174275
0.016174275
0.01647945
0.015563925
0.015563925
0.016174275
0.015563925
0.01647945
0.0170898
0.015563925
0.016174275
0.01647945
0.016784625
0.0158691
0.015563925
0.0158691
0.015563925
0.0170898
0.0158691
0.016174275
0.016174275
0.015563925
0.016174275
0.016174275
0.01647945
0.01647945
0.0158691
0.01647945
0.01647945
0.016174275
0.01647945
0.01525875
0.016174275
0.0158691
0.016174275
0.01647945
0.016174275
0.0158691
0.01647945
0.0158691
0.01647945
0.015563925
0.015563925
0.0158691
0.016174275
0.015563925
0.01525875
0.01525875
0.0158691
0.01647945
0.01525875
0.01525875
0.015563925
0.0158691
0.016784625
0.01647945
0.01525875
0.015563925
0.01647945
0.014953575
0.0158691
0.015563925
0.01647945
0.016174275
0.016784625
0.0158691
0.014953575
0.0158691
0.016174275
0.01647945
0.015563925
0.016174275
0.016174275
0.016174275
0.01525875
0.016784625
0.016174275
0.01647945
0.0158691
0.016174275
0.015563925
0.016174275
0.01647945
0.016784625
0.016174275
0.015563925
-0.01037595
0.016174275
0.015563925
0.015563925
0.0158691
0.0158691
0.0170898
0.0170898
0.015563925
0.0158691
0.0158691
0.016174275
0.0158691
0.015563925
0.016174275
0.01525875
0.0158691
0.015563925
0.016174275
0.014953575
0.0158691
0.0158691
0.016174275
0.01525875
0.01525875
0.016174275
0.016784625
0.016784625
0.0158691
0.016174275
0.016784625
0.0158691
0.0158691
0.015563925
0.0158691
0.01647945
0.01647945
0.0158691
0.01647945
0.016174275
0.01647945
0.01525875
0.0158691
0.0158691
0.016174275
0.015563925
0.016174275
0.0158691
0.015563925
0.01525875
0.016174275
0.016784625
0.01647945
0.015563925
0.016174275
0.0158691
0.016174275
0.0158691
0.01525875
0.016784625
0.015563925
0.015563925
0.016174275
0.015563925
0.0158691
0.01525875
0.01525875
0.0170898
0.0158691
0.015563925
0.0170898
0.016784625
0.0158691
0.01647945
0.0170898
0.01525875
0.016174275
0.016174275
0.01647945
0.0158691
0.0158691
0.01525875
0.0158691
0.015563925
0.016174275
0.016174275
0.01525875
0.0158691
0.016174275
0.01647945
0.016174275
0.01647945
0.01647945
0.01525875
0.015563925
0.01647945
0.0158691
0.015563925
0.01525875
0.01647945
0.0170898
0.016174275
0.016784625
0.0170898
0.017394975
0.015563925
0.015563925
0.0158691
0.015563925
0.016784625
0.016174275
0.016784625
0.0158691
0.016174275
0.016784625
0.0170898
0.016784625
0.0158691
0.015563925
0.0158691
0.016174275
0.016784625
0.016174275
0.01647945
0.0158691
0.01647945
0.015563925
0.0158691
0.014953575
0.015563925
0.01525875
0.016174275
0.0158691
0.016784625
0.01647945
0.016174275
0.016174275
0.0158691
0.016174275
0.01525875
0.01647945
0.01647945
0.0158691
0.0158691
0.016174275
0.016174275
0.015563925
0.01525875
0.0158691
0.0170898
0.01647945
0.016784625
0.01647945
0.0158691
0.01525875
0.01647945
0.015563925
0.0158691
0.016174275
0.0158691
0.016174275
0.0158691
0.015563925
0.015563925
0.016174275
0.016174275
0.01647945
0.014953575
0.0158691
0.0158691
0.01525875
0.016174275
0.016174275
0.01525875
0.01647945
0.015563925
0.015563925
0.016174275
0.01647945
0.0146484
0.01525875
0.01647945
0.015563925
0.01525875
0.01525875
0.016174275
0.0158691
0.01647945
0.01647945
0.016784625
0.01647945
0.0158691
0.016174275
0.014953575
0.016784625
0.016174275
0.016174275
0.01647945
0.014953575
0.015563925
0.0158691
0.0158691
0.0158691
0.014953575
0.0158691
0.015563925
0.0158691
0.016174275
0.0146484
0.016784625
0.016174275
0.015563925
0.015563925
0.015563925
0.016174275
0.016784625
0.015563925
0.015563925
0.0158691
0.016174275
0.01647945
0.01647945
0.016784625
0.0158691
0.01525875
0.01647945
0.0158691
0.015563925
-0.010681125
0.0158691
0.015563925
0.01647945
0.0158691
0.0158691
0.0158691
0.016174275
0.016174275
0.015563925
0.01647945
0.015563925
0.01647945
0.01525875
0.0158691
0.015563925
0.01647945
0.01525875
0.015563925
0.016174275
0.0158691
0.01647945
0.016174275
0.015563925
0.016174275
0.014953575
0.016784625
0.01525875
0.01647945
0.0158691
0.01647945
0.014953575
0.015563925
0.0158691
0.015563925
0.0158691
0.016784625
0.01525875
0.0158691
0.01525875
0.0158691
0.015563925
0.016174275
0.0158691
0.015563925
0.015563925
0.017394975
0.0158691
0.01647945
0.01647945
0.01525875
0.014953575
0.0146484
0.015563925
0.015563925
0.018005325
0.0158691
0.016174275
0.0158691
0.01525875
0.016174275
0.015563925
0.016784625
0.0146484
0.0170898
0.0158691
0.016784625
0.016174275
0.01525875
0.0158691
0.0158691
0.016174275
0.016174275
0.0158691
0.015563925
0.016784625
0.014953575
0.016784625
0.01647945
0.016174275
0.016174275
0.015563925
0.014953575
0.015563925
0.01647945
0.016174275
0.016784625
0.015563925
0.016174275
0.01770015
0.01525875
0.015563925
0.016174275
0.01647945
0.01525875
0.0158691
0.0158691
0.015563925
0.015563925
0.014343225
0.01647945
0.015563925
0.015563925
0.016174275
0.0146484
0.0158691
0.01525875
0.0158691
0.014953575
0.015563925
0.0146484
0.01525875
0.01525875
0.01525875
0.01525875
0.01525875
0.015563925
0.015563925
0.014953575
0.01525875
0.015563925
0.015563925
0.01647945
0.014953575
0.0158691
0.015563925
0.015563925
0.01647945
0.0158691
0.01647945
0.0158691
0.016174275
0.01525875
0.016174275
0.01525875
0.01525875
0.01525875
0.01647945
0.0158691
0.015563925
0.016784625
0.01647945
0.015563925
0.015563925
0.014953575
0.01647945
0.01525875
0.01525875
0.0158691
0.0170898
0.015563925
0.01525875
0.0146484
0.01647945
0.0158691
0.016174275
0.014953575
0.015563925
0.017394975
0.018005325
0.013732875
0.014953575
0.016784625
0.014343225
0.01403805
0.015563925
0.016174275
0.01525875
0.015563925
0.0146484
0.014953575
0.015563925
0.0158691
0.014953575
0.015563925
0.014343225
0.015563925
0.0158691
0.0158691
0.016174275
0.0158691
0.01647945
0.0158691
0.015563925
0.01525875
0.01647945
0.0158691
0.0146484
0.016784625
0.0158691
0.01525875
0.0158691
0.0158691
0.0158691
0.016174275
0.01647945
0.0170898
0.01525875
0.014953575
0.0158691
0.01525875
0.0146484
0.01525875
0.0158691
0.0158691
0.0146484
0.01525875
0.0158691
0.015563925
0.015563925
0.016174275
0.015563925
0.01525875
0.01525875
0.0158691
0.015563925
0.015563925
0.01647945
0.0158691
0.0158691
0.014953575
0.01647945
0.0158691
0.016174275
0.01525875
0.016784625
0.0158691
0.0158691
0.015563925
0.014953575
0.016174275
0.01525875
0.015563925
0.015563925
0.01525875
0.0158691
0.01525875
0.01525875
0.01525875
0.015563925
0.015563925
0.016174275
0.015563925
0.01525875
0.015563925
0.0158691
0.01525875
0.016784625
0.0158691
0.015563925
0.01525875
0.0158691
0.016174275
0.0158691
0.0158691
0.015563925
0.01525875
0.01525875
0.01647945
0.016174275
0.01525875
0.01525875
0.016174275
0.0158691
0.015563925
0.0158691
0.015563925
0.01525875
0.01647945
0.015563925
0.014953575
0.0158691
0.01647945
0.0158691
0.01525875
0.0158691
0.0158691
0.016174275
0.016174275
0.0158691
0.016174275
0.01525875
0.01525875
0.016174275
0.015563925
0.01647945
0.0158691
0.016174275
0.0158691
0.016174275
0.016174275
0.015563925
0.016174275
0.01647945
0.0158691
0.0158691
0.016174275
0.0170898
0.015563925
0.0158691
0.01647945
0.0158691
0.01647945
0.016174275
0.015563925
0.0158691
0.016174275
0.016174275
0.016174275
0.016174275
0.0158691
0.015563925
0.0158691
0.015563925
0.01525875
0.014953575
0.016174275
0.01525875
0.01647945
0.0158691
0.016174275
0.015563925
0.015563925
0.01525875
0.015563925
0.015563925
0.016174275
0.016174275
0.01525875
0.016174275
0.016174275
0.0158691
0.016174275
0.016784625
0.0158691
0.01525875
0.01647945
0.015563925
0.015563925
0.0158691
0.015563925
0.0158691
0.0158691
0.01647945
0.016174275
0.01525875
0.016174275
0.01525875
0.01525875
0.0158691
0.01525875
0.0158691
0.01647945
0.01647945
0.015563925
0.016784625
0.01647945
0.01525875
0.0158691
0.0158691
0.01525875
0.01647945
0.016174275
0.01525875
0.01647945
0.016174275
0.01647945
0.0158691
0.015563925
0.014953575
0.0158691
0.01525875
0.016784625
0.015563925
0.016174275
0.015563925
0.01525875
0.01525875
0.016174275
0.0158691
0.016174275
0.01647945
0.01525875
0.016174275
0.0158691
0.016174275
0.015563925
0.01525875
0.01647945
0.014953575
0.015563925
0.016174275
0.0158691
0.016174275
0.0158691
0.0158691
0.015563925
0.016174275
0.015563925
0.01647945
0.015563925
0.0158691
0.015563925
0.015563925
0.01525875
0.0158691
0.016174275
0.01525875
0.014953575
0.01525875
0.0146484
0.016174275
0.0158691
0.015563925
0.016174275
0.01647945
0.0158691
0.016174275
0.014953575
0.014953575
0.0158691
0.016174275
0.016174275
0.0170898
0.0158691
0.016784625
0.01647945
0.01647945
0.015563925
0.01525875
0.016174275
0.01647945
0.014953575
0.015563925
0.01525875
0.0170898
0.015563925
0.015563925
0.01525875
0.01525875
0.015563925
0.015563925
0.016174275
0.014953575
0.01525875
0.0158691
0.0158691
0.01525875
0.01525875
0.01525875
0.014953575
0.01525875
0.0158691
0.0158691
0.015563925
0.01525875
0.016174275
0.016174275
0.016784625
0.016174275
0.01525875
0.014953575
0.0170898
0.01647945
0.01647945
0.015563925
0.0158691
0.016174275
0.015563925
0.0158691
0.0158691
0.0158691
0.016174275
0.016174275
0.0158691
0.0158691
0.016784625
0.016174275
0.016174275
0.01647945
0.015563925
0.0158691
0.01647945
0.014953575
0.015563925
0.015563925
0.0158691
0.01647945
0.0158691
0.015563925
0.016174275
0.015563925
0.003967275
0.016174275
0.0146484
0.016174275
0.014953575
0.015563925
0.0158691
0.0158691
0.01525875
0.0158691
0.0158691
0.0158691
0.01647945
0.016784625
0.014953575
0.01647945
0.0170898
0.0158691
0.01525875
0.016174275
0.0170898
0.01647945
0.015563925
0.01525875
0.015563925
0.0158691
0.015563925
0.016174275
0.01525875
0.0158691
0.01647945
0.014953575
0.014953575
0.015563925
0.0158691
0.01525875
0.0146484
0.01525875
0.014953575
0.0158691
0.016784625
0.015563925
0.01647945
0.014953575
0.01525875
0.015563925
0.016784625
0.0158691
0.0158691
0.01647945
0.014953575
0.01525875
0.0158691
0.0158691
0.014953575
0.015563925
0.016174275
0.016174275
0.015563925
0.0158691
0.0158691
0.016174275
0.0158691
0.014953575
0.016174275
0.016174275
0.01525875
0.014953575
0.01525875
0.0158691
0.015563925
0.0158691
0.01525875
0.016174275
0.0158691
0.016174275
0.014953575
0.015563925
0.016174275
0.01647945
0.0158691
0.01525875
0.016174275
0.016174275
0.0158691
0.015563925
0.015563925
0.0158691
0.016174275
0.01647945
0.0158691
0.014953575
0.01525875
0.014343225
0.014953575
0.01525875
0.014343225
0.014953575
0.016174275
0.015563925
0.01525875
0.0158691
0.0158691
0.016174275
0.015563925
0.016174275
0.0158691
0.01647945
0.015563925
0.016174275
0.0170898
0.015563925
0.0158691
0.0158691
0.01525875
0.01647945
0.0158691
0.015563925
0.0158691
0.015563925
0.014953575
0.0158691
0.015563925
0.0158691
0.015563925
0.015563925
0.01647945
0.016174275
0.015563925
0.014953575
0.01525875
0.0158691
0.01647945
0.0146484
0.015563925
0.01647945
0.01525875
0.016174275
0.015563925
0.01525875
0.016174275
0.0158691
0.0158691
0.0158691
0.016784625
0.016174275
0.01525875
0.016174275
0.01525875
0.016174275
0.0146484
0.016784625
0.0158691
0.0158691
0.016174275
0.0146484
0.01525875
0.0158691
0.0158691
0.016174275
0.015563925
0.016174275
0.015563925
0.014953575
0.01525875
0.014953575
0.01647945
0.01525875
0.0158691
0.01525875
0.014953575
0.016174275
0.014953575
0.0158691
0.015563925
0.016174275
0.015563925
0.015563925
0.015563925
0.01525875
0.0158691
0.015563925
0.016784625
0.0158691
0.0158691
0.01525875
0.0158691
0.016174275
0.0158691
0.015563925
0.0158691
0.016174275
0.01647945
0.016784625
0.01525875
0.01647945
0.0158691
0.01647945
0.01525875
0.015563925
0.016174275
0.016174275
0.016174275
0.015563925
0.01525875
0.01525875
0.01647945
0.015563925
0.01525875
0.01647945
0.015563925
0.016174275
0.015563925
0.01525875
0.0146484
0.015563925
0.0158691
0.0158691
0.01647945
0.016174275
0.016174275
0.0158691
0.016784625
0.014953575
0.01525875
0.01525875
0.015563925
0.0158691
0.015563925
0.0158691
0.0158691
0.0158691
0.015563925
0.015563925
0.01647945
0.0158691
0.014953575
0.01647945
0.0158691
0.0158691
0.014953575
0.015563925
0.015563925
0.016784625
0.01647945
0.015563925
0.015563925
0.0158691
0.016174275
0.0158691
0.0158691
0.014953575
0.01525875
0.01647945
0.01647945
0.016174275
0.0158691
0.0170898
0.0158691
0.015563925
0.015563925
0.01647945
0.01647945
0.015563925
0.01525875
0.015563925
0.0158691
0.016174275
0.01647945
0.014953575
0.01647945
0.0146484
0.016784625
0.016174275
0.01647945
0.016784625
0.0170898
0.0158691
0.015563925
0.016174275
0.016784625
0.01647945
0.01647945
0.0170898
0.01647945
0.015563925
0.016174275
0.0158691
0.01647945
0.0158691
0.016784625
0.01647945
0.0170898
0.016784625
0.016174275
0.01647945
0.0158691
0.01647945
0.016174275
0.016174275
0.0170898
0.016174275
0.0170898
0.015563925
0.01770015
0.01647945
0.01647945
0.01647945
0.01770015
0.016174275
0.01647945
0.0170898
0.0170898
0.0170898
0.017394975
0.0170898
0.0170898
0.016784625
0.0170898
0.01647945
0.018005325
0.016174275
0.017394975
0.01647945
0.0170898
0.016784625
0.017394975
0.0170898
0.017394975
0.016784625
0.017394975
0.018615675
0.017394975
0.0183105
0.0170898
0.01770015
0.01647945
0.017394975
0.017394975
0.0170898
0.018005325
0.0170898
0.0183105
0.0170898
0.018005325
0.017394975
0.018615675
0.01770015
0.01770015
0.01770015
0.0183105
0.0183105
0.0170898
0.018005325
0.018615675
0.01770015
0.018005325
0.018005325
0.0170898
0.018615675
0.018005325
0.01770015
0.018005325
0.0183105
0.018615675
0.0183105
0.018615675
0.0183105
0.0183105
0.01770015
0.0183105
0.0183105
0.0195312
0.019226025
0.018615675
0.019226025
0.019226025
0.0183105
0.01892085
0.018615675
0.019226025
0.018615675
0.019226025
0.018615675
0.019226025
0.0195312
0.01892085
0.019836375
0.0195312
0.019836375
0.019226025
0.019226025
0.019836375
0.019226025
0.0195312
0.020446725
0.0207519
0.02136225
0.021057075
0.021057075
0.020446725
0.02136225
0.0207519
0.0207519
0.021057075
0.021667425
0.021667425
0.021667425
0.022277775
0.0219726
0.02258295
0.02258295
0.022277775
0.023498475
0.023498475
-0.0024414
0.022888125
0.024108825
0.024108825
0.02502435
0.03112785
0.02624505
0.025329525
0.02502435
0.0256347
0.02624505
0.0268554
0.0268554
0.027160575
0.027770925
0.027160575
0.027770925
0.02868645
0.0280761
0.0292968
0.02868645
0.02990715
0.0292968
0.031433025
0.0317382
0.0305175
0.03112785
0.032043375
0.0329589
0.032653725
0.033874425
0.0341796
0.03478995
0.03601065
0.036315825
0.036621
0.036926175
0.037536525
0.038146875
0.0378417
0.0390624
0.038757225
0.040588275
0.041198625
0.041198625
0.04211415
0.041808975
0.041808975
0.042419325
0.0415038
0.04333485
0.0439452
0.043640025
0.04455555
0.0451659
0.044860725
0.044860725
0.046081425
0.045471075
0.0598143
0.048522825
0.04699695
0.046081425
0.0451659
0.04577625
0.04577625
0.04577625
0.045471075
0.046081425
0.0451659
0.045471075
0.0463866
0.044860725
0.046081425
0.04577625
0.04455555
0.046081425
0.046081425
0.0451659
0.045471075
0.04577625
0.046081425
0.044860725
0.045471075
0.0451659
0.0463866
0.046691775
0.04455555
0.046081425
0.04455555
0.04455555
0.04455555
0.045471075
0.042419325
0.041198625
0.0415038
0.042419325
0.04089345
0.041198625
0.040588275
0.038757225
0.037536525
0.038757225
0.037536525
0.03601065
0.035705475
0.0354003
0.0354003
0.034484775
0.0341796
0.03356925
0.032653725
0.03112785
0.02990715
0.030212325
0.030822675
0.0292968
0.0280761
0.027770925
0.026550225
0.02624505
0.025939875
0.024719175
0.024719175
0.024108825
0.02380365
0.023498475
0.0231933
0.0219726
0.022277775
0.022277775
0.02258295
0.022277775
0.022277775
0.020446725
0.022277775
0.0219726
0.0207519
0.02136225
0.020446725
0.021667425
0.02014155
0.021667425
0.0207519
0.0207519
0.0207519
0.02014155
0.02014155
0.02014155
0.020446725
0.02014155
0.0207519
0.020446725
0.0195312
0.019226025
0.019226025
0.0195312
0.019226025
0.0195312
0.0195312
0.018615675
0.018615675
0.018615675
0.0183105
0.018615675
0.018615675
0.018615675
0.018615675
0.018005325
0.017394975
0.018615675
0.0183105
0.018005325
0.01770015
0.01770015
0.017394975
0.016784625
0.0170898
0.01770015
-0.00915525
0.01647945
0.017394975
0.016174275
0.016174275
0.016784625
0.016784625
0.018005325
0.01647945
0.01770015
0.0170898
0.01647945
0.016174275
0.016784625
0.0170898
0.0170898
0.01647945
0.016784625
0.01647945
0.016174275
0.016784625
0.0170898
0.0170898
0.016784625
0.016784625
0.0170898
0.0158691
0.016784625
0.01647945
0.016174275
0.016174275
0.016784625
0.015563925
0.016174275
0.016784625
0.01647945
0.017394975
0.016784625
0.015563925
0.0158691
0.0158691
0.016174275
0.016174275
0.0158691
0.015563925
0.01647945
0.016174275
0.01647945
0.016784625
0.015563925
0.01647945
0.016174275
0.015563925
0.0158691
0.016174275
0.016174275
0.0158691
0.014953575
0.0158691
0.016174275
0.0158691
0.016174275
0.01647945
0.01525875
0.0158691
0.016174275
0.016174275
0.016174275
0.01647945
0.0158691
0.0158691
0.015563925
0.016174275
0.01647945
0.015563925
0.015563925
0.0158691
0.01647945
0.01647945
0.016174275
0.01525875
0.01647945
0.0158691
0.016174275
0.01525875
0.014953575
0.016174275
0.02136225
0.016784625
0.01525875
0.01525875
0.015563925
0.01647945
0.014953575
0.015563925
0.01647945
0.014953575
0.015563925
0.01525875
0.0146484
0.01525875
0.01525875
0.01525875
0.0158691
0.015563925
0.014953575
0.01525875
0.0158691
0.01525875
0.015563925
0.015563925
0.015563925
0.0158691
0.0158691
0.014953575
0.015563925
0.01647945
0.016174275
0.0158691
0.0158691
0.015563925
0.016174275
0.016174275
0.0146484
0.016174275
0.0158691
0.0158691
0.014953575
0.016174275
0.0158691
0.016174275
0.015563925
0.015563925
0.01647945
0.0158691
0.015563925
0.0158691
0.01525875
0.01525875
0.01647945
0.015563925
0.0158691
0.0158691
0.0158691
0.0158691
0.015563925
0.01647945
0.015563925
0.016174275
0.016174275
0.01525875
0.016784625
0.016174275
0.016174275
0.015563925
0.015563925
0.015563925
0.015563925
0.0158691
0.01525875
0.015563925
0.01525875
0.0158691
0.015563925
0.014953575
0.015563925
0.014953575
0.015563925
0.015563925
0.01647945
0.015563925
0.016174275
0.015563925
0.0158691
0.015563925
0.016174275
0.015563925
0.015563925
0.016174275
0.015563925
0.016174275
0.016174275
0.015563925
0.015563925
0.01647945
0.0158691
0.01525875
0.0146484
0.01647945
0.01525875
0.01525875
0.016174275
0.015563925
0.01525875
0.014953575
0.016174275
0.015563925
0.01525875
0.016174275
0.0158691
0.015563925
0.016174275
0.01525875
0.016174275
0.016784625
0.015563925
0.015563925
0.016174275
0.015563925
0.015563925
0.014953575
0.01525875
0.0158691
0.0158691
0.015563925
0.016174275
0.016174275
0.016174275
0.0158691
0.01525875
0.017394975
0.01647945
0.016174275
0.016174275
0.016174275
0.0146484
0.0158691
0.015563925
0.015563925
0.0158691
0.015563925
0.01525875
0.016174275
0.015563925
0.015563925
0.0158691
0.0146484
0.016174275
0.0158691
0.015563925
0.014953575
0.01525875
0.01525875
0.0158691
0.014953575
0.01647945
0.0158691
0.015563925
0.015563925
0.0158691
0.0146484
0.016174275
0.01525875
0.0158691
0.014953575
0.016174275
0.016174275
0.016174275
0.015563925
0.0158691
0.015563925
0.015563925
0.0158691
0.0146484
0.015563925
0.015563925
0.0158691
0.015563925
0.015563925
0.0158691
0.015563925
0.016174275
0.01647945
0.0158691
0.0158691
0.01525875
0.01525875
0.015563925
0.016174275
0.01647945
0.01525875
0.01647945
0.016784625
0.0158691
0.0158691
0.01525875
0.01525875
0.0146484
0.016174275
0.015563925
0.0158691
0.014953575
0.014953575
0.015563925
0.01647945
0.0158691
0.015563925
0.015563925
0.016784625
0.016174275
0.01525875
0.015563925
0.016174275
0.016784625
0.016174275
0.016174275
0.015563925
0.015563925
0.0158691
0.01525875
0.015563925
0.01525875
0.016174275
0.016174275
0.016174275
0.015563925
0.015563925
0.01647945
0.015563925
0.01647945
0.014953575
0.0158691
0.0158691
0.015563925
0.016174275
0.01525875
0.016174275
0.015563925
0.0158691
0.01525875
0.0158691
0.015563925
0.0158691
0.014343225
0.0158691
0.0146484
0.01525875
0.015563925
0.0158691
0.014953575
0.015563925
0.016174275
0.0158691
0.016174275
0.01647945
0.016174275
0.015563925
0.0158691
0.0158691
0.0158691
0.014953575
0.015563925
0.016174275
0.015563925
0.01525875
0.0158691
0.0158691
0.016174275
0.0158691
0.015563925
0.016174275
0.01647945
0.0158691
0.0158691
0.016784625
0.015563925
0.015563925
0.016174275
0.0158691
0.016174275
0.016784625
0.016174275
0.015563925
0.01647945
0.016174275
0.015563925
0.015563925
0.016174275
0.015563925
0.015563925
0.01647945
0.0158691
0.01525875
0.015563925
0.015563925
0.01647945
0.01647945
0.015563925
