wave1
0.026550225
0.025329525
0.024719175
0.02258295
0.02258295
0.0231933
0.0219726
0.02380365
0.024108825
0.0231933
0.0219726
0.02258295
0.0231933
0.0219726
0.023498475
0.0231933
0.0219726
0.023498475
0.02258295
0.0219726
0.0219726
0.024108825
0.023498475
0.022888125
0.02380365
0.02258295
0.02380365
0.022277775
0.02258295
0.0231933
0.0219726
0.0219726
0.02258295
0.02258295
0.0219726
0.02258295
0.022888125
0.023498475
0.023498475
0.0219726
0.02258295
0.02380365
0.0219726
0.02380365
0.0231933
0.02380365
0.02258295
0.02258295
0.02258295
0.023498475
0.0231933
0.022277775
0.02258295
0.02258295
0.0231933
0.02258295
0.023498475
0.02258295
0.02258295
0.0231933
0.024108825
0.02258295
0.022277775
0.0231933
0.022888125
0.02258295
0.0231933
0.02258295
0.022888125
0.0231933
0.022888125
0.0231933
0.022277775
0.02258295
0.022277775
0.0219726
0.02380365
0.022888125
0.02258295
0.022888125
0.02380365
0.0219726
0.022888125
0.022888125
0.023498475
0.02380365
0.022277775
0.022888125
0.0219726
0.023498475
0.0231933
0.0231933
0.023498475
0.023498475
0.02258295
0.0231933
0.022277775
0.02258295
0.022888125
0.023498475
0.022888125
0.022888125
0.022888125
0.02258295
0.022888125
0.022888125
0.0231933
0.022888125
0.02258295
0.022277775
0.023498475
0.024108825
0.022277775
0.023498475
0.022888125
0.02380365
0.0231933
0.023498475
0.022888125
0.02380365
0.022888125
0.023498475
0.022888125
0.022888125
0.023498475
0.0231933
0.022888125
0.02258295
0.02258295
0.023498475
0.0231933
0.0231933
0.0231933
0.02258295
0.022277775
0.02380365
0.023498475
0.02380365
0.0231933
0.0231933
0.023498475
0.02258295
0.022277775
0.022888125
0.022888125
0.0231933
0.022888125
0.0231933
0.02380365
0.022277775
0.02258295
0.0231933
0.023498475
0.024108825
0.022888125
0.025939875
0.024108825
0.02380365
0.022277775
0.023498475
0.02258295
0.022277775
0.022888125
0.02258295
0.022888125
0.023498475
0.022277775
0.022277775
0.02258295
0.02258295
0.022888125
0.021667425
0.02380365
0.02258295
0.0219726
0.0231933
0.024108825
0.022888125
0.023498475
0.022888125
0.02380365
0.02258295
0.022888125
0.023498475
0.02258295
0.022888125
0.02258295
0.02258295
0.023498475
0.02258295
0.022888125
0.022888125
0.023498475
0.022888125
0.02258295
0.022277775
0.022888125
0.022888125
0.023498475
0.0231933
0.022277775
0.02380365
0.02380365
0.0231933
0.023498475
0.023498475
0.0231933
0.0231933
0.022888125
0.02380365
0.023498475
0.022888125
0.022888125
0.0231933
0.023498475
0.022888125
0.0231933
0.022277775
0.02258295
0.0231933
0.022277775
0.022888125
0.0231933
0.0231933
0.02380365
0.022888125
0.0231933
0.022888125
0.022277775
0.023498475
0.02258295
0.022888125
0.022888125
0.02258295
0.022888125
0.02258295
0.024108825
0.0231933
0.02380365
0.022277775
0.022277775
0.02258295
0.02380365
0.0231933
0.0231933
0.024108825
0.02258295
0.0231933
0.02380365
0.02380365
0.023498475
0.023498475
0.02380365
0.024108825
0.023498475
0.0231933
0.023498475
0.020446725
0.0158691
0.014343225
0.014343225
0.013122525
0.014343225
0.014343225
0.013732875
0.013122525
0.013122525
0.0134277
0.013732875
0.014343225
0.013732875
0.01403805
0.01281735
0.013122525
0.013732875
0.01403805
0.01403805
0.013732875
0.01403805
0.013732875
0.01403805
0.013732875
0.013732875
0.013732875
0.01403805
0.0134277
0.0134277
0.013732875
0.013732875
0.01281735
0.014343225
0.014343225
0.01281735
0.013732875
0.01403805
0.0146484
0.0134277
0.013732875
0.013122525
0.0134277
0.01281735
0.0134277
0.013122525
0.013732875
0.013732875
0.01403805
0.013122525
0.0146484
0.01403805
0.014343225
0.014343225
0.01403805
0.014343225
0.014953575
0.014343225
0.0134277
0.01403805
0.01403805
0.013122525
0.013732875
0.014343225
0.013732875
0.01403805
0.014343225
0.0134277
0.01403805
0.013732875
0.014343225
0.013732875
0.01403805
0.0134277
0.01403805
0.0146484
0.0146484
0.0146484
0.01403805
0.0146484
0.01403805
0.01403805
0.013732875
0.014343225
0.0134277
0.013732875
0.0134277
0.0134277
0.014343225
0.014953575
0.014343225
0.0134277
0.013122525
0.013732875
0.014343225
0.013732875
0.014343225
0.01281735
0.01403805
0.01403805
0.014343225
0.014343225
0.0146484
0.013122525
0.01403805
0.01281735
0.014343225
0.01403805
0.013732875
0.014343225
0.01403805
0.0134277
0.0134277
0.013122525
0.01281735
0.01403805
0.013122525
0.013732875
0.01403805
0.014343225
0.014343225
0.01281735
0.013732875
0.0134277
0.014343225
0.01403805
0.01403805
0.013732875
0.01403805
0.014343225
0.013122525
0.014343225
0.014343225
0.013732875
0.0134277
0.013732875
0.013732875
0.0134277
0.013732875
0.013122525
0.0134277
0.013122525
0.014343225
0.013732875
0.013732875
0.01403805
0.013732875
0.013732875
0.01403805
0.014343225
0.01403805
0.013732875
0.01403805
0.01281735
0.01403805
0.01403805
0.013122525
0.0134277
0.013732875
0.01403805
0.0146484
0.01403805
0.013732875
0.01281735
0.0134277
0.014343225
0.014343225
0.0146484
0.014343225
0.013122525
0.01403805
0.0134277
0.013732875
0.01403805
0.013732875
0.01281735
0.013732875
0.013732875
0.013122525
0.0134277
0.0134277
0.0134277
0.01403805
0.01403805
0.01281735
0.013732875
0.013732875
0.014343225
0.01403805
0.01281735
0.01403805
0.0134277
0.0134277
0.01403805
0.0134277
0.01403805
0.0134277
0.0134277
0.01403805
0.013732875
0.0146484
0.013732875
0.0134277
0.01403805
0.014343225
0.0146484
0.014953575
0.013122525
0.0146484
0.013732875
0.014343225
0.0134277
0.01403805
0.0134277
0.013732875
0.01403805
0.013732875
0.013122525
0.013732875
0.0134277
0.014343225
0.013732875
0.014343225
0.013732875
0.014343225
0.0134277
0.01403805
0.014953575
0.014343225
0.012512175
0.013732875
0.013732875
0.01403805
0.0134277
0.013732875
0.012512175
0.013732875
0.014343225
0.013732875
0.014343225
0.01403805
0.0134277
0.014343225
0.01281735
0.013122525
0.013732875
0.01403805
0.013732875
0.0146484
0.0134277
0.01403805
0.01403805
0.014343225
0.013732875
0.013732875
0.01403805
0.013732875
0.013122525
0.013122525
0.013732875
0.0134277
0.01403805
0.013122525
0.0146484
0.014343225
0.013122525
0.013122525
0.0134277
0.01403805
0.01403805
0.013732875
0.0134277
0.01281735
0.01403805
0.0134277
0.01403805
0.0146484
0.013122525
0.0134277
0.013732875
0.013732875
0.014343225
0.0134277
0.014343225
0.01403805
0.0134277
0.01403805
0.013732875
0.012512175
0.014343225
0.0134277
0.01403805
0.013732875
0.0146484
0.0134277
0.01403805
0.0134277
0.013732875
0.01403805
0.0134277
0.0146484
0.01403805
0.013732875
0.013732875
0.01281735
0.013122525
0.013732875
0.0146484
0.013122525
0.01403805
0.01403805
0.013732875
0.013122525
0.0134277
0.014343225
0.014343225
0.0134277
0.013122525
0.01403805
0.01403805
0.0134277
0.014343225
0.013732875
0.01281735
0.0134277
0.013732875
0.013732875
0.013122525
0.0146484
0.01403805
0.0134277
0.013732875
0.013122525
0.013732875
0.013122525
0.01403805
0.01403805
0.01403805
0.013122525
0.0146484
0.01281735
0.013732875
0.014343225
0.01403805
0.0146484
0.012512175
0.013732875
0.0146484
0.0134277
0.013732875
0.0134277
0.01403805
0.01403805
0.0134277
0.014343225
0.01403805
0.013122525
0.0134277
0.013732875
0.012512175
0.01281735
0.013732875
0.0134277
0.01403805
0.0134277
0.013122525
0.01403805
0.0134277
0.013122525
0.01403805
0.0134277
0.01281735
0.0134277
0.014343225
0.013732875
0.014343225
0.013122525
0.0134277
0.013122525
0.014953575
0.01403805
0.0134277
0.0134277
0.0134277
0.013732875
0.013122525
0.013122525
0.013122525
0.013732875
0.014343225
0.0134277
0.01281735
0.013122525
0.013732875
0.014343225
0.0134277
0.0134277
0.01403805
0.0146484
0.014343225
0.01281735
0.0134277
0.013732875
0.01403805
0.01403805
0.013732875
0.013732875
0.014343225
0.013732875
0.0134277
0.013732875
0.01281735
0.013732875
0.013122525
0.014953575
0.013732875
0.01403805
0.013122525
0.013732875
0.013122525
0.01403805
0.013732875
0.0134277
0.013122525
0.013732875
0.014343225
0.013732875
0.01281735
0.013732875
0.0134277
0.013732875
0.013732875
0.013732875
0.013732875
0.01403805
0.013122525
0.0134277
0.01403805
0.013122525
0.01281735
0.013732875
0.014343225
0.013122525
0.0134277
0.013732875
0.013122525
0.013122525
0.01281735
0.014343225
0.01403805
0.01403805
0.0134277
0.013732875
0.0134277
0.0146484
0.0134277
0.0134277
0.0134277
0.013122525
0.0134277
0.01281735
0.0134277
0.014953575
0.01281735
0.01403805
0.013122525
0.013732875
0.0134277
0.013732875
0.0134277
0.01403805
0.01403805
0.012512175
0.013122525
0.0134277
0.014343225
0.014343225
0.01281735
0.013732875
0.014343225
0.014343225
0.01403805
0.013122525
0.0134277
0.01403805
0.01403805
0.014343225
0.013732875
0.013732875
0.0134277
0.0134277
0.013122525
0.01281735
0.01403805
0.0134277
0.01281735
0.01403805
0.014343225
0.01281735
0.0134277
0.0134277
0.012512175
0.01403805
0.0134277
0.013732875
0.01281735
0.012512175
0.013122525
0.01403805
0.013122525
0.01403805
0.01403805
0.01403805
0.013122525
0.013732875
0.01281735
0.013732875
0.0134277
0.01403805
0.01403805
0.01281735
0.014343225
0.013122525
0.0134277
0.013732875
0.0134277
0.014343225
0.01403805
0.01403805
0.01281735
0.01403805
0.013122525
0.014343225
0.013732875
0.013732875
0.01403805
0.0134277
0.013732875
0.013732875
0.0134277
0.01281735
0.01403805
0.013122525
0.0134277
0.0146484
0.013732875
0.0134277
0.0134277
0.01403805
0.013732875
0.013122525
0.013122525
0.014343225
0.013732875
0.0134277
0.013732875
0.01403805
0.01281735
0.012512175
0.013122525
0.013732875
0.0134277
0.012512175
0.01403805
0.0134277
0.0134277
0.0134277
0.014343225
0.013732875
0.0134277
0.0134277
0.01403805
0.01281735
0.01403805
0.01281735
0.013732875
0.014343225
0.0134277
0.013732875
0.0134277
0.013732875
0.0134277
0.014953575
0.014343225
0.013732875
0.013732875
0.013732875
0.013732875
0.0134277
0.013122525
0.013732875
-0.0048828
0.012512175
0.012207
0.014343225
0.0146484
0.01403805
0.013122525
0.01403805
0.013122525
0.01403805
0.0134277
0.0134277
0.01403805
0.01403805
0.014343225
0.013732875
0.012512175
0.0134277
0.01403805
0.0146484
0.013732875
0.0134277
0.014343225
0.014343225
0.013732875
0.013122525
0.01281735
0.0134277
0.0134277
0.013122525
0.013122525
0.0134277
0.013122525
0.01403805
0.0134277
0.0134277
0.0134277
0.013732875
0.01403805
0.01403805
0.0134277
0.013732875
0.0134277
0.0146484
0.0134277
0.013732875
0.0146484
0.013732875
0.013122525
0.0134277
0.013732875
0.0146484
0.013122525
0.01403805
0.01403805
0.013732875
0.0146484
0.01281735
0.01403805
0.0134277
0.0134277
0.013732875
0.014343225
0.0134277
0.0134277
0.013122525
0.013122525
0.0134277
0.01403805
0.01403805
0.013732875
0.01403805
0.0146484
0.013732875
0.01403805
0.014343225
0.014343225
0.014343225
0.014343225
0.01281735
0.013122525
0.0134277
0.01403805
0.0146484
0.0134277
0.013732875
0.013732875
0.01403805
0.014343225
0.013732875
0.013732875
0.01403805
0.013732875
0.0134277
0.013122525
0.01281735
0.014343225
0.01403805
0.013732875
0.013732875
0.013732875
0.012512175
0.01403805
0.0134277
0.01403805
0.013732875
0.012207
0.01403805
0.0134277
0.013732875
0.01403805
0.0134277
0.013732875
0.01403805
0.01403805
0.0134277
0.0134277
0.0134277
0.013732875
0.0134277
0.014343225
0.013122525
0.013732875
0.0146484
0.013122525
0.014343225
0.013122525
0.013732875
0.013122525
0.013732875
0.0146484
0.013732875
0.01403805
0.0134277
0.01403805
0.0146484
0.013732875
0.013122525
0.0134277
0.0134277
0.0134277
0.013732875
0.01403805
0.014343225
0.013732875
0.013122525
0.0134277
0.013732875
0.014343225
0.013732875
0.013732875
0.0134277
0.01403805
0.013732875
0.013732875
0.013732875
0.014343225
0.014343225
0.01403805
0.013732875
0.013122525
0.014953575
0.013732875
0.014343225
0.0134277
0.014343225
0.0134277
0.013732875
0.01403805
0.013732875
0.01281735
0.0134277
0.0134277
0.013732875
0.014343225
0.0134277
0.0134277
0.0134277
0.01281735
0.0134277
0.014343225
0.0134277
0.0146484
0.014343225
0.013122525
0.013732875
0.01281735
0.01403805
0.0134277
0.01281735
0.01281735
0.0134277
0.01403805
0.01403805
0.01403805
0.0134277
0.0146484
0.01403805
0.013122525
0.0134277
0.013732875
0.013732875
0.0134277
0.014343225
0.014343225
0.0134277
0.0134277
0.0134277
0.0146484
0.0134277
0.01403805
0.013732875
0.0146484
0.0134277
0.013122525
0.0146484
0.0134277
0.013122525
0.013732875
0.013732875
0.01403805
0.01403805
0.014343225
0.0134277
0.014343225
0.013732875
0.0146484
0.014343225
0.0146484
0.013732875
0.01525875
0.0146484
0.01403805
0.014343225
0.01403805
0.0146484
0.013732875
0.015563925
0.0146484
0.014953575
0.01403805
0.0146484
0.014343225
0.014953575
0.0146484
0.0146484
0.014953575
0.014343225
0.014953575
0.014343225
0.015563925
0.0146484
0.01403805
0.014343225
0.014343225
0.013732875
0.014343225
0.014343225
0.0146484
0.013732875
0.014953575
0.014343225
0.014953575
0.0134277
0.014343225
0.0134277
0.01281735
0.01403805
0.01403805
0.01281735
0.013732875
0.01403805
0.01403805
0.0134277
0.013732875
0.01403805
0.0146484
0.013732875
0.01403805
0.013122525
0.013122525
0.01403805
0.013122525
0.0134277
0.014343225
0.0146484
0.014953575
0.013732875
0.014953575
0.014343225
0.013732875
0.0134277
0.01403805
0.013732875
0.013732875
0.014343225
0.014953575
0.013122525
0.0134277
0.01403805
0.014953575
0.0134277
0.014953575
0.014953575
0.0134277
0.0134277
0.01403805
0.0134277
0.0134277
0.014343225
0.0134277
0.013122525
0.013732875
0.013122525
0.01403805
0.014343225
0.0146484
0.0146484
0.014343225
0.01403805
0.014343225
0.01403805
0.013732875
0.0134277
0.01403805
0.014343225
0.0146484
0.013732875
0.013732875
0.013122525
0.0134277
0.0134277
0.013732875
0.014953575
0.013732875
0.014343225
0.013122525
0.013122525
0.01403805
0.0146484
0.01403805
0.0146484
0.01403805
0.0134277
0.01403805
0.014343225
0.0146484
0.014343225
0.013122525
0.0134277
0.013732875
0.013732875
0.01403805
0.014343225
0.014343225
0.012207
0.014343225
0.01403805
0.0134277
0.0146484
0.0134277
0.0134277
0.0146484
0.01403805
0.01403805
0.014343225
0.013732875
0.0134277
0.0134277
0.0134277
0.01403805
0.014343225
0.0134277
0.014343225
0.01403805
0.01403805
0.01403805
0.013122525
0.0146484
0.013732875
0.0134277
0.014343225
0.014343225
0.01403805
0.01281735
0.0134277
0.014343225
0.0134277
0.013732875
0.013732875
0.014343225
0.014343225
0.013732875
0.01403805
0.01403805
0.01403805
0.014953575
0.0134277
0.013732875
0.0146484
0.01403805
0.014343225
0.0146484
0.014343225
0.013732875
0.01403805
0.01403805
0.0134277
0.01403805
0.0134277
0.01403805
0.014343225
0.0134277
0.014343225
0.0134277
0.0134277
0.0146484
0.01403805
0.0146484
0.014343225
0.0146484
0.0134277
0.01403805
0.014953575
0.014343225
0.0134277
0.01403805
0.0134277
0.014343225
0.0134277
0.013732875
0.01403805
0.01159665
0.014343225
0.014343225
0.013732875
0.01403805
0.014953575
0.0134277
0.014343225
0.0134277
0.0146484
0.01403805
0.01403805
0.01403805
0.01525875
0.014343225
0.013732875
0.013122525
0.01403805
0.013732875
0.01281735
0.0146484
0.01403805
0.0146484
0.01403805
0.01525875
0.01403805
0.014343225
0.0146484
0.013732875
0.013732875
0.0134277
0.013122525
0.014343225
0.0134277
0.0134277
0.0146484
0.014343225
0.014343225
0.014953575
0.014343225
0.014343225
0.014343225
0.0146484
0.0146484
0.013732875
0.014953575
0.013732875
0.01403805
0.01403805
0.014343225
0.01403805
0.014953575
0.0134277
0.01403805
0.01403805
0.01403805
0.0146484
0.0146484
0.01403805
0.013122525
0.013122525
0.013732875
0.0146484
0.014953575
0.01403805
0.014953575
-0.007629375
0.013732875
0.014953575
0.014343225
0.0134277
0.01403805
0.0134277
0.01403805
0.013732875
0.014343225
0.013732875
0.014343225
0.013732875
0.01403805
0.014343225
0.0146484
0.01403805
0.014343225
0.0146484
0.014953575
0.01525875
0.01403805
0.013732875
0.013122525
0.0146484
0.0134277
0.0146484
0.0146484
0.0146484
0.013732875
0.013732875
0.0134277
0.0134277
0.014343225
0.013732875
0.01403805
0.01403805
0.01403805
0.01403805
0.0146484
0.01403805
0.0134277
0.013732875
0.01403805
0.01281735
0.0134277
0.01403805
0.013732875
0.013732875
0.013732875
0.013122525
0.0146484
0.0146484
0.013122525
0.01403805
0.01525875
0.01403805
0.013122525
0.0134277
0.014343225
0.014343225
0.014343225
0.0146484
0.014343225
0.01403805
0.014343225
0.01525875
0.0134277
0.01403805
0.013732875
0.01403805
0.0134277
0.013732875
0.0146484
0.0146484
0.013732875
0.014343225
0.013732875
0.014343225
0.0146484
0.014343225
0.0134277
0.013122525
0.013732875
0.0134277
0.01403805
0.014343225
0.01403805
0.014343225
0.014343225
0.01403805
0.013732875
0.013122525
0.014343225
0.0134277
0.01403805
0.014343225
0.0134277
0.0146484
0.013732875
0.01403805
0.014343225
0.0134277
0.01403805
0.01403805
0.01403805
0.014343225
0.014343225
0.01403805
0.0146484
0.013732875
0.01403805
0.013732875
0.014343225
0.014343225
0.013732875
0.013732875
0.0146484
0.014953575
0.014343225
0.01403805
0.01403805
0.01403805
0.013732875
0.0146484
0.0146484
0.013122525
0.0134277
0.014343225
0.0146484
0.01525875
0.01403805
0.0134277
0.0146484
0.0146484
0.013732875
0.014343225
0.01403805
0.014343225
0.014343225
0.01281735
0.01403805
0.0134277
0.0146484
0.01403805
0.014953575
0.0134277
0.014953575
0.014343225
0.014343225
0.0146484
0.0146484
0.014343225
0.014343225
0.0134277
0.014953575
0.01403805
0.0146484
0.0134277
0.013732875
0.013732875
0.014343225
0.01403805
0.0134277
0.014343225
0.0146484
0.0146484
0.014343225
0.01403805
0.01525875
0.014343225
0.014343225
0.013732875
0.014953575
0.013732875
0.014343225
0.01403805
0.014343225
0.01403805
0.013122525
0.01403805
0.01525875
0.01403805
0.013732875
0.0146484
0.014343225
0.014953575
0.014343225
0.0146484
0.014343225
0.0146484
0.0134277
0.014953575
0.014343225
0.013732875
0.01403805
0.013732875
0.0146484
0.013732875
0.014953575
0.01403805
0.0146484
0.014343225
0.013732875
0.01403805
0.01403805
0.013732875
0.01403805
0.014953575
0.01403805
0.0146484
0.01403805
0.0146484
0.013122525
0.014953575
0.013732875
0.013732875
0.014343225
0.014343225
0.0134277
0.0146484
0.0134277
0.013732875
0.01403805
0.0134277
0.01403805
0.013732875
0.01403805
0.0134277
0.014343225
0.01403805
0.01525875
0.0146484
0.014953575
0.013732875
0.014953575
0.014343225
0.01403805
0.013732875
0.013732875
0.01403805
0.01403805
0.013732875
0.013732875
0.0146484
0.0146484
0.0146484
0.013732875
0.013122525
0.0146484
0.013732875
0.0146484
0.013732875
0.013122525
0.01403805
0.01403805
0.013732875
0.01525875
0.0134277
0.013732875
0.01403805
0.013732875
0.0134277
0.0146484
0.01403805
0.013732875
0.014343225
0.013122525
0.013732875
0.014343225
0.013732875
0.0146484
0.0146484
0.01403805
0.0146484
0.01403805
0.01403805
0.01403805
0.0146484
0.01525875
0.013732875
0.0146484
0.014343225
0.0146484
0.013732875
0.01403805
0.013732875
0.013122525
0.0134277
0.014343225
0.0134277
0.0134277
0.014343225
0.0134277
0.014343225
0.013732875
0.01403805
0.013732875
0.01403805
0.013732875
0.014343225
0.01403805
0.01403805
0.013732875
0.014343225
0.01403805
0.014343225
0.014343225
0.01525875
0.013732875
0.014343225
0.01403805
0.0134277
0.013732875
0.014343225
0.014343225
0.0134277
0.01403805
0.014343225
0.013732875
0.0134277
0.01403805
0.0146484
0.014343225
0.0134277
0.01281735
0.013732875
0.0134277
0.014343225
0.01403805
0.0146484
0.01281735
0.014343225
0.013732875
0.01403805
0.0146484
0.013732875
0.014343225
0.01403805
0.01403805
0.014343225
0.013732875
0.01403805
0.013732875
0.0134277
0.0146484
0.0134277
0.014343225
0.014343225
0.013732875
0.013732875
0.01403805
0.014343225
0.013732875
0.0134277
0.013732875
0.01403805
0.0134277
0.01403805
0.01403805
0.0146484
0.014953575
0.01403805
0.01403805
0.01403805
0.01403805
0.013732875
0.01403805
0.014343225
0.014953575
0.013122525
0.013122525
0.013122525
0.013732875
0.013732875
0.013732875
0.014343225
0.01403805
0.013732875
0.013732875
0.01403805
0.014343225
0.013732875
0.013732875
0.013122525
0.0134277
0.013732875
0.013122525
0.0134277
0.013732875
0.01525875
0.01403805
0.013732875
0.014343225
0.013732875
0.0134277
0.014343225
0.013122525
0.014343225
0.01403805
0.014343225
0.013732875
0.013732875
0.013122525
0.014343225
0.013732875
0.014343225
0.013732875
0.013732875
0.014343225
0.0134277
0.01403805
0.013732875
0.013122525
0.013122525
0.01403805
0.013122525
0.013122525
0.0134277
0.0134277
0.014343225
0.01403805
0.013732875
0.01403805
0.0146484
0.01403805
0.013732875
0.01403805
0.014343225
0.0134277
0.0134277
0.01403805
0.014343225
0.0134277
0.0134277
0.013732875
0.013732875
0.014343225
0.014953575
0.0146484
0.01403805
0.01403805
0.014343225
0.014343225
0.013732875
0.013732875
0.0134277
0.01403805
0.0146484
0.014343225
0.0146484
0.013732875
0.01403805
0.01403805
0.014343225
0.01525875
0.014343225
0.013122525
0.01403805
0.013732875
0.013732875
0.0146484
0.01403805
0.013122525
0.01403805
0.01403805
0.01403805
0.0134277
0.0134277
0.01403805
0.014343225
0.0146484
0.014343225
0.0134277
0.014343225
0.013732875
0.013732875
0.014343225
0.014343225
0.01403805
0.01525875
0.014343225
0.013122525
0.013732875
0.0146484
0.01403805
0.0134277
0.013122525
0.0134277
0.014953575
0.01403805
0.0134277
0.013122525
0.01403805
0.013122525
0.01403805
0.0134277
0.014343225
0.01403805
0.014343225
0.0146484
0.01403805
0.013732875
0.0134277
0.013732875
0.0134277
0.013122525
0.013732875
0.01403805
0.013122525
0.01403805
0.0134277
0.013732875
0.014343225
0.013732875
0.01403805
0.013732875
0.014953575
0.0134277
0.01403805
0.013732875
0.014343225
0.01403805
0.013732875
0.013122525
0.0134277
0.01403805
0.013732875
0.013732875
0.01403805
0.013732875
0.013122525
0.013732875
0.01403805
0.014343225
0.013732875
0.013122525
0.0146484
0.014343225
0.013732875
0.014343225
0.013732875
0.0146484
0.013732875
0.0146484
0.013732875
0.0134277
0.013732875
0.013732875
0.01525875
0.0134277
0.013732875
0.014343225
0.01403805
0.0146484
0.014343225
0.0146484
0.014953575
0.01525875
0.01525875
0.01525875
0.01403805
0.01403805
0.01403805
0.0146484
0.0146484
0.01403805
0.0146484
0.014343225
0.0134277
0.014343225
0.014343225
0.01525875
0.013732875
0.014343225
0.01403805
0.01403805
0.0134277
0.014343225
0.0146484
0.014343225
0.01403805
0.014343225
0.01403805
0.013732875
0.0134277
0.0134277
0.01403805
0.014953575
0.0146484
0.0146484
0.0134277
0.014953575
0.0134277
0.014953575
0.0146484
0.0146484
0.0146484
0.014343225
0.014953575
0.0146484
0.01525875
0.01403805
0.0146484
0.01403805
0.01403805
0.013732875
0.013122525
0.014343225
0.0146484
0.014343225
0.013732875
0.0146484
0.0134277
0.0134277
0.0134277
0.01403805
0.014343225
0.01403805
0.01403805
0.014343225
0.014343225
0.01403805
0.014343225
0.01403805
0.014343225
0.013732875
0.014953575
0.0134277
0.0134277
0.014343225
0.013732875
0.0146484
0.013732875
0.01403805
0.013732875
0.014343225
0.01403805
0.01525875
0.014343225
0.013732875
0.01403805
0.0134277
0.01403805
0.0146484
0.013732875
0.014343225
0.0146484
0.01403805
0.013732875
0.013732875
0.01403805
0.01403805
0.013732875
0.013732875
0.014343225
0.0146484
0.014343225
0.0146484
0.013732875
0.01403805
0.013732875
0.013732875
0.014343225
0.01403805
0.01403805
0.013732875
0.013732875
0.0134277
0.013732875
0.01403805
0.013122525
0.014953575
0.0134277
0.014343225
0.01403805
0.01403805
0.0134277
0.01403805
0.015563925
0.014953575
0.0146484
0.013732875
0.014343225
0.014343225
0.01403805
0.014343225
0.01403805
0.014343225
0.013732875
0.01403805
0.0134277
0.013732875
0.01403805
0.014343225
0.013732875
0.01525875
0.014343225
0.013732875
0.013732875
0.013732875
0.013732875
0.014343225
0.01403805
0.0134277
0.014343225
0.013122525
0.013732875
0.0134277
0.014343225
0.014953575
0.013732875
0.0146484
0.01403805
0.0134277
0.01403805
0.013732875
0.014343225
0.0146484
0.014953575
0.0134277
0.0146484
0.0146484
0.013732875
0.01403805
0.0146484
0.014343225
0.014343225
0.01525875
0.0134277
0.014343225
0.01403805
0.013732875
0.014343225
0.013732875
0.0146484
0.0134277
0.013732875
0.013732875
0.0134277
0.0146484
0.012207
0.013732875
0.01403805
0.0146484
0.0146484
0.01403805
0.0134277
0.01403805
0.01403805
0.01403805
0.014343225
0.01403805
0.013732875
0.0146484
0.0146484
0.013732875
0.01403805
0.013122525
0.0134277
0.01403805
0.013732875
0.013122525
0.01403805
0.01403805
0.0134277
0.013732875
0.0146484
0.014953575
0.0134277
0.013732875
0.0146484
0.01281735
0.01403805
0.014953575
0.013732875
0.013732875
0.014343225
0.014953575
0.01403805
0.013732875
0.013122525
0.014953575
0.013732875
0.014953575
0.013732875
0.0134277
0.01403805
0.013732875
0.014343225
0.0146484
0.01403805
0.01403805
0.013122525
0.0134277
0.013732875
0.014343225
0.0134277
0.01403805
0.014343225
0.013732875
0.013122525
0.01403805
0.013732875
0.014343225
0.01403805
0.0134277
0.01403805
0.013732875
0.014343225
0.01403805
0.0146484
0.014343225
0.013122525
0.014343225
0.014343225
0.01403805
0.013732875
0.01403805
0.0134277
0.014343225
0.01403805
0.013732875
0.0134277
0.01403805
0.014343225
0.01403805
0.013732875
0.013732875
0.014953575
0.014343225
0.0134277
0.0134277
0.0134277
0.013122525
0.014343225
0.01281735
0.01403805
0.01403805
0.0146484
0.014343225
0.013732875
0.0146484
0.0134277
0.014343225
0.013122525
0.013732875
0.0134277
0.013122525
0.0134277
0.014343225
0.01403805
0.013122525
0.014343225
0.01403805
0.01281735
0.014343225
0.0134277
0.0134277
0.01403805
0.01281735
0.0134277
0.01525875
0.013732875
0.0146484
0.013732875
0.014953575
0.013732875
0.013732875
0.01403805
0.0134277
0.01403805
0.014343225
0.01403805
0.01281735
0.01281735
0.013732875
0.013732875
0.014953575
0.013732875
0.013732875
0.014343225
0.012512175
0.013732875
0.013732875
0.014343225
0.0146484
0.014343225
0.014343225
0.013732875
0.014343225
0.014343225
0.0146484
0.0146484
0.01403805
0.01403805
0.013732875
0.01403805
0.01403805
0.014343225
0.01403805
0.014343225
0.01403805
0.013732875
0.014343225
0.013732875
0.013732875
0.014343225
0.013732875
0.01403805
0.013732875
0.013732875
0.013122525
0.01403805
0.0134277
0.014953575
0.013732875
0.0134277
0.0134277
0.0134277
0.0134277
0.0134277
0.0146484
0.0134277
0.013122525
0.01403805
0.0134277
0.01281735
0.014343225
0.014343225
0.013732875
0.013732875
0.013732875
0.013732875
0.013122525
0.0134277
0.0146484
0.014343225
0.0146484
0.014343225
0.013732875
0.0146484
0.01403805
0.014343225
0.013732875
0.01525875
0.013732875
0.01403805
0.0134277
0.01403805
0.0134277
0.013732875
0.0134277
0.014343225
0.014343225
0.0146484
0.014343225
0.013732875
0.014343225
0.01403805
0.013732875
0.01403805
0.0134277
0.013732875
0.013732875
0.014343225
0.013732875
0.013732875
0.01281735
0.0146484
0.014953575
0.01403805
0.014343225
0.01525875
0.01403805
0.0146484
0.014343225
0.013732875
0.014343225
0.014343225
0.013732875
0.013732875
0.01403805
0.013732875
0.014343225
0.01281735
0.014343225
0.014953575
0.014343225
0.0134277
0.013732875
0.013122525
0.01403805
0.01403805
0.01403805
0.01403805
0.014343225
0.014953575
0.014343225
0.014343225
0.01403805
0.01403805
0.014343225
0.013732875
0.0134277
0.014343225
0.01403805
0.014343225
0.014343225
0.013122525
0.01281735
0.01403805
0.013732875
0.01403805
0.014343225
0.01403805
0.013122525
0.013122525
0.014343225
0.013732875
0.01281735
0.014343225
0.014343225
0.0134277
0.014343225
0.013122525
0.013732875
0.013122525
0.012512175
0.0146484
0.014343225
0.01403805
0.01403805
0.01403805
0.0134277
0.01281735
0.014343225
0.014343225
0.0134277
0.01403805
0.013732875
0.0134277
0.013122525
0.01403805
0.013732875
0.0146484
0.014343225
0.01403805
0.013732875
0.014343225
0.014343225
0.013732875
0.013122525
0.01403805
0.0134277
0.013732875
0.0146484
0.013732875
0.014343225
0.0134277
0.0146484
0.013732875
0.0134277
0.013122525
0.013122525
0.013732875
0.013732875
0.014343225
0.01281735
0.012512175
0.013122525
0.01281735
0.0146484
0.013732875
0.0134277
0.01525875
0.0146484
0.013732875
0.013122525
0.0134277
0.0146484
0.014343225
0.0146484
0.0134277
0.013732875
0.0134277
0.014343225
0.014343225
0.013732875
0.013732875
0.0134277
0.0134277
0.014343225
0.013732875
0.01403805
0.0146484
0.013732875
0.013732875
0.01403805
0.01403805
0.01403805
0.0134277
0.013732875
0.01403805
0.0146484
0.0134277
0.013732875
0.012512175
0.0134277
0.0134277
0.013732875
0.013122525
0.0134277
0.0134277
0.0134277
0.0134277
0.013122525
0.01403805
0.014953575
0.013732875
0.013122525
0.013732875
0.01281735
0.0134277
0.013732875
0.013122525
0.014343225
0.0134277
0.0146484
0.013122525
0.014343225
0.013122525
0.01403805
0.0146484
0.013732875
0.013122525
0.012512175
0.0134277
0.0134277
0.013122525
0.01403805
0.0146484
0.01403805
0.01403805
0.0134277
0.01403805
0.014343225
0.01403805
0.01403805
0.014343225
0.01403805
0.013732875
0.0134277
0.014343225
0.01403805
0.0146484
0.014343225
0.014343225
0.013732875
0.014343225
0.014343225
0.014343225
0.01403805
0.0134277
0.01281735
0.014953575
0.014953575
0.013732875
0.0134277
0.0134277
0.012512175
0.013732875
0.0134277
0.014953575
0.014343225
0.01403805
0.014343225
0.0146484
0.013732875
0.013122525
0.01403805
0.013732875
0.013732875
0.013732875
0.013732875
0.014343225
0.01403805
0.013732875
0.013122525
0.0146484
0.01403805
0.0134277
0.013122525
0.013732875
0.013732875
0.014343225
0.01403805
0.014343225
0.014343225
0.01403805
0.01403805
0.0146484
0.0134277
0.01403805
0.01403805
0.0146484
0.01403805
0.01403805
0.013732875
0.0146484
0.01403805
0.014343225
0.013122525
0.0134277
0.0134277
0.014343225
0.0134277
0.0134277
0.013122525
0.014343225
0.01403805
0.0146484
0.01403805
0.01403805
-0.013122525
0.0134277
0.0134277
0.01525875
0.01403805
0.0146484
0.01403805
0.013732875
0.01403805
0.014343225
0.013732875
0.013732875
0.014953575
0.01403805
0.01403805
0.01403805
0.01403805
0.013732875
0.0134277
0.014953575
0.014953575
0.01403805
0.0134277
0.014343225
0.013122525
0.0146484
0.0146484
0.01403805
0.013122525
0.01403805
0.0134277
0.013732875
0.01403805
0.014343225
0.014343225
0.01403805
0.01403805
0.01403805
0.01281735
0.01403805
0.014343225
0.01403805
0.014953575
0.014343225
0.01281735
0.014953575
0.01403805
0.0146484
0.013122525
0.01403805
0.01403805
0.0146484
0.0134277
0.01403805
0.013732875
0.0146484
0.0134277
0.013732875
0.0134277
0.0146484
0.013122525
0.014343225
0.013732875
0.01403805
0.0134277
0.0134277
0.014343225
0.014343225
0.014343225
0.014343225
0.013732875
0.013122525
0.0134277
0.01403805
0.0134277
0.0134277
0.0146484
0.013732875
0.013732875
0.01403805
0.014953575
0.01403805
0.013732875
0.014343225
0.013122525
0.0134277
0.013732875
0.01403805
0.0146484
0.0146484
0.0146484
0.0146484
0.01403805
0.01403805
0.0146484
0.01403805
0.0146484
0.0146484
0.01403805
0.014343225
0.0134277
0.0134277
0.01403805
0.01403805
0.01403805
0.0134277
0.01403805
0.01403805
0.014343225
0.0146484
0.013732875
0.0134277
0.01403805
0.014343225
0.01403805
0.01403805
0.0134277
0.01403805
0.014953575
0.0134277
0.013732875
0.014343225
0.013732875
0.013732875
0.0146484
0.01403805
0.014343225
0.0134277
0.01403805
0.014343225
0.014343225
0.0146484
0.013122525
0.01403805
0.01403805
0.01403805
0.01403805
0.0134277
0.014953575
0.014343225
0.0134277
0.013732875
0.0134277
0.01403805
0.01403805
0.013732875
0.01403805
0.014343225
0.01403805
0.0134277
0.0146484
0.013732875
0.01403805
0.01403805
0.01403805
0.01525875
0.0146484
0.0134277
0.01281735
0.01403805
0.0146484
0.014343225
0.014343225
0.013732875
0.0134277
0.0134277
0.014343225
0.014953575
0.014343225
0.0146484
0.0146484
0.013732875
0.014953575
0.0134277
0.013732875
0.013732875
0.01403805
0.013732875
0.0146484
0.014953575
0.014343225
0.0146484
0.013732875
0.013732875
0.01403805
0.0146484
0.014953575
0.014343225
0.013732875
0.0146484
0.013732875
0.01525875
0.01525875
0.0146484
0.0134277
0.0146484
0.013732875
0.014343225
0.01403805
0.0146484
0.01403805
0.01403805
0.01403805
0.014343225
0.013732875
0.014343225
0.0146484
0.0146484
0.01403805
0.01403805
0.01403805
0.01403805
0.014953575
0.013732875
0.015563925
0.014343225
0.01525875
0.014953575
0.01403805
0.014343225
0.01525875
0.014343225
0.014953575
0.014953575
0.0158691
0.015563925
0.014953575
0.014953575
0.013732875
0.014343225
0.015563925
0.0146484
0.015563925
0.0146484
0.014953575
0.01525875
0.014953575
0.014343225
0.016174275
0.0158691
0.014953575
0.014953575
0.014953575
0.0146484
0.014953575
0.014953575
0.0158691
0.016174275
0.01403805
0.01525875
0.014953575
0.01525875
0.014953575
0.015563925
0.0146484
0.014953575
0.0146484
0.01525875
0.015563925
0.014343225
0.0158691
0.014343225
0.015563925
0.016174275
0.0146484
0.016174275
0.0158691
0.01647945
0.016174275
0.014953575
0.0158691
0.0146484
0.015563925
0.015563925
0.01525875
0.0158691
0.015563925
0.014953575
0.016784625
0.015563925
0.01647945
0.015563925
0.016174275
0.01647945
0.016784625
0.016784625
0.016174275
0.0158691
0.016174275
0.017394975
0.01647945
0.01770015
0.01647945
0.016784625
0.016784625
0.017394975
0.018005325
0.01892085
0.01770015
0.0170898
0.017394975
0.018005325
0.018005325
0.0195312
0.01892085
0.0183105
0.0195312
0.020446725
0.019836375
0.020446725
0.01892085
0.02136225
0.021057075
0.0207519
0.020446725
0.021057075
0.0207519
0.022277775
0.022277775
0.022888125
0.022888125
0.022277775
0.023498475
0.023498475
0.02502435
0.024414
0.02502435
0.024719175
0.02502435
0.025329525
0.0256347
0.02502435
0.026550225
0.02624505
0.027770925
0.02746575
0.0268554
0.027770925
0.027160575
0.0292968
0.028991625
0.028381275
0.029601975
0.029601975
0.030212325
0.029601975
0.02990715
0.02990715
0.030212325
0.0305175
0.03112785
0.032653725
0.032653725
0.032653725
0.03234855
0.032653725
0.032043375
0.0329589
0.0329589
0.033264075
0.03356925
0.033264075
0.03356925
0.033264075
0.032653725
0.0329589
0.033264075
0.034484775
0.0341796
0.034484775
0.033264075
0.0341796
0.0329589
0.0341796
0.033264075
0.033874425
0.0341796
0.032653725
0.0341796
0.03478995
0.033874425
0.033874425
0.032653725
0.033874425
0.03234855
0.0329589
0.03234855
0.032043375
0.0317382
0.030822675
0.031433025
0.029601975
0.0292968
0.030212325
0.0292968
0.029601975
0.02868645
0.0280761
0.0280761
0.027160575
0.0268554
0.025939875
0.02624505
0.024719175
0.024414
0.024414
0.023498475
0.024108825
0.0231933
0.0219726
0.02258295
0.02258295
0.02136225
0.02136225
0.0207519
0.0219726
0.0195312
0.01892085
0.019226025
0.0195312
0.019226025
0.01892085
0.019226025
0.018005325
0.0183105
0.0195312
0.018005325
0.0183105
0.01892085
0.01770015
0.0170898
0.018005325
0.018615675
0.016784625
0.0170898
0.0170898
0.0170898
0.01647945
0.0158691
0.018005325
0.016784625
0.016784625
0.017394975
0.017394975
0.0170898
0.0158691
0.0158691
0.01647945
0.016174275
0.014953575
0.01525875
0.01647945
0.01525875
0.0158691
0.015563925
0.0158691
0.016174275
0.014953575
0.015563925
0.015563925
0.015563925
0.014953575
0.015563925
0.015563925
0.0146484
0.014953575
0.0146484
0.015563925
0.0146484
0.013732875
0.015563925
0.0146484
0.014343225
0.014953575
0.01525875
0.014343225
0.014953575
0.014953575
0.015563925
0.015563925
0.0134277
0.014343225
0.01403805
0.014953575
0.014953575
0.0146484
0.0146484
0.014953575
0.01525875
0.014343225
0.015563925
0.014953575
0.014343225
0.0146484
0.01525875
0.0146484
0.0146484
0.015563925
0.014953575
0.01403805
0.014343225
0.0146484
0.0134277
0.013732875
0.0146484
0.013732875
0.01403805
0.0146484
0.0146484
0.014343225
0.01403805
0.014343225
0.014953575
0.0146484
0.013732875
0.013732875
0.0146484
0.014343225
0.013122525
0.0146484
0.0146484
0.01403805
0.01403805
0.013732875
0.014343225
0.01403805
0.0134277
0.013122525
0.014343225
0.01403805
0.014343225
0.014343225
0.014343225
0.01403805
0.0134277
0.01403805
0.014343225
0.014343225
0.014343225
0.01403805
0.01403805
0.013732875
0.0134277
0.013732875
0.013732875
0.013732875
0.0134277
0.01403805
0.014953575
0.013732875
0.01403805
0.01281735
0.01403805
0.014343225
0.013732875
0.014343225
0.013732875
0.015563925
0.014953575
0.013732875
0.014343225
0.013732875
0.0134277
0.014343225
0.013732875
0.0134277
0.0146484
0.01403805
0.014343225
0.014343225
0.0134277
0.01403805
0.014343225
0.0134277
0.014343225
0.0146484
0.013122525
0.0146484
0.013122525
0.013732875
0.01403805
0.014343225
0.0134277
0.014343225
0.014343225
0.0146484
0.013732875
0.014343225
0.013732875
0.014343225
0.0134277
0.013732875
0.01403805
0.013732875
0.01403805
0.0134277
0.0134277
0.01403805
0.013732875
0.014343225
0.014953575
0.014953575
0.013732875
0.0134277
0.014343225
0.013122525
0.01281735
0.014343225
0.0134277
0.0146484
0.01403805
0.01403805
0.013732875
0.014343225
0.01403805
0.014953575
0.013122525
0.01403805
0.0146484
0.0134277
0.013122525
0.014953575
0.0146484
0.014343225
0.01403805
0.01403805
0.0146484
0.014343225
0.0146484
0.01403805
0.013732875
0.013732875
0.01403805
0.0134277
0.0146484
0.0134277
0.014953575
0.014953575
0.013732875
0.014343225
0.0134277
0.014343225
0.013732875
0.013732875
0.013732875
0.014953575
0.01403805
0.01403805
0.013732875
0.013732875
0.014953575
0.01403805
0.014343225
0.01403805
0.01403805
0.0146484
0.014343225
0.01403805
0.014343225
0.0134277
0.013732875
0.014343225
0.014343225
0.0134277
0.01403805
0.014343225
0.0146484
0.0146484
0.013732875
0.0134277
0.0146484
0.0158691
0.014953575
0.014343225
0.0146484
0.013732875
0.013732875
0.013732875
0.01403805
0.0146484
0.01403805
0.01403805
0.0134277
0.014343225
0.01403805
0.0146484
0.013732875
0.000305175
0.0146484
0.0146484
0.014343225
0.0146484
0.0146484
0.013732875
0.013732875
0.014953575
0.013732875
0.0146484
0.0134277
0.01403805
0.01403805
0.01403805
0.0134277
0.0146484
0.014343225
0.0134277
0.0134277
0.01403805
0.0146484
0.013732875
0.01403805
0.013122525
0.0146484
0.014343225
0.0146484
0.01403805
0.0146484
0.0134277
0.013732875
0.014343225
0.014953575
0.01403805
0.014953575
0.014343225
0.014953575
0.02014155
0.021667425
0.02136225
0.022277775
0.022888125
0.02380365
0.022277775
0.02136225
0.02258295
0.0219726
0.02258295
0.023498475
0.022277775
0.02258295
0.02258295
0.0231933
0.0219726
0.0231933
0.0219726
0.022888125
0.02258295
0.022888125
0.022888125
0.022277775
0.021667425
0.0231933
0.022277775
0.0219726
0.022277775
0.022888125
0.022277775
0.022277775
0.022888125
0.0219726
0.0231933
0.022277775
0.021667425
0.022888125
0.022277775
0.022277775
0.021667425
0.022277775
0.02258295
0.022277775
0.022277775
0.021667425
0.022888125
0.02258295
0.022888125
0.0219726
0.0219726
0.0231933
0.022277775
0.023498475
0.0219726
0.0231933
0.022277775
0.0231933
0.021667425
0.021667425
0.0231933
0.0219726
0.021667425
0.0219726
0.022888125
0.02258295
0.0219726
0.02258295
0.022277775
0.022277775
0.022888125
0.022888125
0.02258295
0.021667425
0.0219726
0.02380365
0.0231933
0.02258295
0.022277775
0.022277775
0.02258295
