wave1
0.0268554
0.02624505
0.024108825
0.023498475
0.02258295
0.023498475
0.023498475
0.0231933
0.02380365
0.02380365
0.022888125
0.02380365
0.023498475
0.0231933
0.02380365
0.02258295
0.025329525
0.023498475
0.023498475
0.02380365
0.02380365
0.022888125
0.024108825
0.023498475
0.0231933
0.023498475
0.02258295
0.02258295
0.024108825
0.023498475
0.024414
0.0231933
0.02380365
0.02258295
0.024414
0.024108825
0.023498475
0.023498475
0.0231933
0.022888125
0.02380365
0.024414
0.023498475
0.02380365
0.0231933
0.02258295
0.023498475
0.024108825
0.0231933
0.02380365
0.02258295
0.023498475
0.024108825
0.023498475
0.022888125
0.023498475
0.02258295
0.02380365
0.024108825
0.024414
0.023498475
0.023498475
0.024719175
0.02380365
0.0231933
0.022888125
0.0231933
0.02380365
0.0231933
0.022277775
0.022888125
0.02380365
0.02380365
0.023498475
0.0231933
0.023498475
0.0231933
0.024108825
0.022277775
0.023498475
0.0231933
0.02380365
0.023498475
0.02380365
0.024414
0.02380365
0.02380365
0.024414
0.022888125
0.022888125
0.022277775
0.023498475
0.022888125
0.024108825
0.023498475
0.02380365
0.024108825
0.023498475
0.02380365
0.023498475
0.0231933
0.0231933
0.0231933
0.023498475
0.02258295
0.023498475
0.02380365
0.0231933
0.022888125
0.0231933
0.0231933
0.023498475
0.02380365
0.02380365
0.0231933
0.023498475
0.024414
0.024108825
0.023498475
0.023498475
0.02380365
0.02258295
0.02258295
0.02380365
0.02258295
0.0231933
0.02258295
0.0231933
0.02380365
0.023498475
0.024414
0.024108825
0.02380365
0.0231933
0.02380365
0.023498475
0.02380365
0.02380365
0.02258295
0.02380365
0.023498475
0.0231933
0.02380365
0.0231933
0.0231933
0.02380365
0.02380365
0.023498475
0.0231933
0.02380365
0.023498475
0.023498475
0.0231933
0.023498475
0.022888125
0.022888125
0.024719175
0.0231933
0.0231933
0.0231933
0.02380365
0.024414
0.022888125
0.02258295
0.024108825
0.02258295
0.0231933
0.022888125
0.024108825
0.02380365
0.023498475
0.02380365
0.02502435
0.022277775
0.02380365
0.022888125
0.024108825
0.02380365
0.023498475
0.023498475
0.023498475
0.022888125
0.02380365
0.02380365
0.024414
0.024108825
0.0231933
0.0231933
0.0231933
0.0231933
0.023498475
0.023498475
0.024108825
0.0231933
0.023498475
0.022888125
0.022277775
0.0231933
0.022277775
0.023498475
0.02380365
0.02380365
0.0231933
0.023498475
0.0231933
0.023498475
0.023498475
0.024414
0.0231933
0.02380365
0.02380365
0.022888125
0.02258295
0.0231933
0.02380365
0.022277775
0.024108825
0.02380365
0.024414
0.0231933
0.0231933
0.02380365
0.0231933
0.024108825
0.02258295
0.022277775
0.02380365
0.02380365
0.0231933
0.0231933
0.0231933
0.024414
0.022888125
0.02380365
0.02380365
0.02258295
0.0231933
0.0231933
0.0231933
0.0231933
0.02380365
0.023498475
0.022888125
0.023498475
0.02258295
0.022888125
0.023498475
0.02380365
0.024108825
0.024414
0.022888125
0.023498475
0.0231933
0.022888125
0.023498475
0.022888125
0.024108825
0.023498475
0.0231933
0.022277775
0.02380365
0.023498475
0.02380365
0.023498475
0.0231933
0.0231933
0.0231933
0.0231933
0.0231933
0.02258295
0.02380365
0.023498475
0.022888125
0.02258295
0.0231933
0.0231933
0.0231933
0.022277775
0.024108825
0.022888125
0.02258295
0.02380365
0.022888125
0.023498475
0.0231933
0.022888125
0.02380365
0.02380365
0.022888125
0.0231933
0.023498475
0.02380365
0.0231933
0.024414
0.02380365
0.02258295
0.01647945
0.01525875
0.014343225
0.014343225
0.0134277
0.0146484
0.013122525
0.014953575
0.01403805
0.0146484
0.014343225
0.0134277
0.013732875
0.014953575
0.014953575
0.0134277
0.014343225
0.0146484
0.01403805
0.0134277
0.013732875
0.014343225
0.014953575
0.013732875
0.013732875
0.014343225
0.013732875
0.01403805
0.0134277
0.01281735
0.0146484
0.01647945
0.022277775
0.022888125
0.02380365
0.024108825
0.02380365
0.02380365
0.02380365
0.023498475
0.0231933
0.02380365
0.024414
0.02380365
0.0219726
0.022888125
0.02258295
0.024108825
0.023498475
0.024108825
0.023498475
0.0231933
0.0231933
0.02380365
0.024108825
0.02380365
0.02380365
0.022888125
0.02380365
0.023498475
0.023498475
0.024108825
0.0231933
0.022888125
0.024414
0.024108825
0.022888125
0.024108825
0.0231933
0.024108825
0.023498475
0.0231933
0.024108825
0.0231933
0.0231933
0.0231933
0.024108825
0.023498475
0.023498475
0.024108825
0.023498475
0.023498475
0.023498475
0.024414
0.023498475
0.024108825
0.02990715
0.0256347
0.02380365
0.0231933
0.022888125
0.0231933
0.024108825
0.023498475
0.024108825
0.02380365
0.022888125
0.02380365
0.022888125
0.02380365
0.023498475
0.02380365
0.023498475
0.0231933
0.022888125
0.024108825
0.024108825
0.02380365
0.02380365
0.02258295
0.02380365
0.023498475
0.023498475
0.0231933
0.0231933
0.024414
0.022888125
0.024108825
0.024108825
0.023498475
0.02380365
0.023498475
0.023498475
0.024108825
0.02380365
0.02258295
0.023498475
0.024108825
0.023498475
0.022888125
0.02258295
0.0231933
0.02380365
0.022888125
0.024414
0.02380365
0.023498475
0.024108825
0.024414
0.02380365
0.023498475
0.02380365
0.0231933
0.0231933
0.024414
0.024414
0.023498475
0.024108825
0.0231933
0.022888125
0.023498475
0.024108825
0.022888125
0.0231933
0.024414
0.024719175
0.02380365
0.004577625
0.024108825
0.024108825
0.0231933
0.02380365
0.024108825
0.02380365
0.02258295
0.0231933
0.0231933
0.0231933
0.02380365
0.0231933
0.0231933
0.02380365
0.02258295
0.024414
0.024414
0.024414
0.023498475
0.0231933
0.0231933
0.02380365
0.02380365
0.022888125
0.022888125
0.023498475
0.023498475
0.022888125
0.023498475
0.023498475
0.02380365
0.0231933
0.022888125
0.024108825
0.023498475
0.022888125
0.022888125
0.018005325
0.0231933
0.023498475
0.02380365
0.024108825
0.02380365
0.024414
0.0231933
0.02258295
0.022888125
0.02380365
0.023498475
0.022888125
0.0231933
0.02380365
0.02380365
0.022888125
0.0231933
0.02380365
0.0231933
0.023498475
0.023498475
0.023498475
0.023498475
0.023498475
0.0231933
0.022888125
0.023498475
0.024108825
0.023498475
0.023498475
0.022888125
0.024108825
0.0231933
0.02380365
0.024719175
0.02380365
0.0231933
0.0231933
0.022888125
0.023498475
0.02258295
0.02258295
0.02258295
0.022277775
0.023498475
0.024108825
0.022888125
0.02380365
0.023498475
0.024108825
0.023498475
0.024108825
0.023498475
0.02380365
0.023498475
0.0231933
0.024719175
0.02380365
0.022888125
0.0231933
0.023498475
0.023498475
0.02258295
0.02380365
0.023498475
0.0231933
0.0231933
0.023498475
0.023498475
0.023498475
0.024108825
0.023498475
0.0231933
0.023498475
0.024414
0.024414
0.022888125
0.023498475
0.0231933
0.024108825
0.023498475
0.02258295
0.02380365
0.0231933
0.024414
0.02380365
0.022888125
0.023498475
0.024108825
0.02258295
0.0231933
0.0231933
0.0231933
0.0231933
0.0231933
0.0231933
0.023498475
0.0231933
0.023498475
0.023498475
0.0231933
0.022888125
0.023498475
0.02380365
0.022888125
0.0219726
0.023498475
0.022888125
0.0231933
0.02380365
0.024108825
0.022888125
0.02380365
0.022888125
0.02258295
0.02380365
0.0231933
0.023498475
0.024108825
0.0231933
0.0231933
0.02258295
0.022888125
0.022888125
0.023498475
0.023498475
0.024108825
0.022888125
0.022888125
0.02380365
0.02380365
0.0231933
0.022888125
0.023498475
0.024414
0.02258295
0.02380365
0.0231933
0.022888125
0.02380365
0.02258295
0.022888125
0.024719175
0.024108825
0.024108825
0.022277775
0.0231933
0.02380365
0.02380365
0.023498475
0.02258295
0.023498475
0.02380365
0.023498475
0.0231933
0.023498475
0.02258295
0.0231933
0.022888125
0.0231933
0.02380365
0.0231933
0.02258295
0.02380365
0.023498475
0.022888125
0.0231933
0.023498475
0.023498475
0.0231933
0.024108825
0.022888125
0.023498475
0.0231933
0.024108825
0.0231933
0.024108825
0.022888125
0.0231933
0.02258295
0.023498475
0.024108825
0.02380365
0.02258295
0.024108825
0.022888125
0.023498475
0.022888125
0.023498475
0.023498475
0.022888125
0.02380365
0.022888125
0.02380365
0.024108825
0.02380365
0.023498475
0.022888125
0.024108825
0.0231933
0.023498475
0.0231933
0.02380365
0.022888125
0.0231933
0.022277775
0.023498475
0.0231933
0.023498475
0.024719175
0.0231933
0.02380365
0.02380365
0.024108825
0.02380365
0.024414
0.023498475
0.022277775
0.0231933
0.0231933
0.024108825
0.02380365
0.022888125
0.0231933
0.0231933
0.022277775
0.0231933
0.02380365
0.022888125
0.02258295
0.022888125
0.0231933
0.023498475
0.0231933
0.024108825
0.024414
0.024108825
0.023498475
0.02380365
0.0231933
0.02258295
0.023498475
0.0231933
0.023498475
0.02502435
0.023498475
0.02258295
0.024108825
0.023498475
0.023498475
0.02380365
0.02380365
0.0231933
0.0231933
0.024108825
0.02380365
0.02380365
0.024719175
0.02380365
0.023498475
0.024414
0.0231933
0.022888125
0.023498475
0.023498475
0.024108825
0.024108825
0.0231933
0.024108825
0.022888125
0.0231933
0.0231933
0.02380365
0.022888125
0.02258295
0.022888125
0.02380365
0.022277775
0.022888125
0.022888125
0.022888125
0.024108825
0.02380365
0.02380365
0.024414
0.02380365
0.02258295
0.02380365
0.024108825
0.024108825
0.023498475
0.0231933
0.023498475
0.02258295
0.022888125
0.02380365
0.0231933
0.022888125
0.0231933
0.023498475
0.024414
0.0231933
0.02380365
0.024414
0.023498475
0.022277775
0.0231933
0.023498475
0.0231933
0.02380365
0.02258295
0.0231933
0.024108825
0.022888125
0.0231933
0.024108825
0.023498475
0.0231933
0.022888125
0.02380365
0.023498475
0.0231933
0.02380365
0.023498475
0.023498475
0.022888125
0.02258295
0.02258295
0.0231933
0.0231933
0.022888125
0.024108825
0.0231933
0.02380365
0.024414
0.024108825
0.022888125
0.023498475
0.0231933
0.024414
0.0231933
0.02380365
0.0231933
0.024108825
0.023498475
0.02380365
0.02380365
0.023498475
0.023498475
0.023498475
0.024108825
0.0231933
0.0231933
0.023498475
0.024108825
0.023498475
0.022888125
0.023498475
0.023498475
0.024108825
0.0231933
0.0231933
0.0231933
0.023498475
0.0231933
0.02258295
0.024108825
0.02380365
0.024108825
0.024719175
0.023498475
0.024108825
0.0231933
0.024108825
0.024108825
0.023498475
0.0231933
0.02380365
0.023498475
0.023498475
0.022888125
0.02380365
0.02380365
0.022888125
0.0231933
0.024108825
0.02380365
0.023498475
0.024108825
0.024108825
0.0231933
0.02380365
0.023498475
0.024414
0.023498475
0.022888125
0.024108825
0.02380365
0.023498475
0.0231933
0.003967275
0.02380365
0.022888125
0.022888125
0.024108825
0.0231933
0.02380365
0.02380365
0.023498475
0.024719175
0.02380365
0.023498475
0.022888125
0.023498475
0.024108825
0.024108825
0.022888125
0.024719175
0.024108825
0.023498475
0.02258295
0.0231933
0.02380365
0.022888125
0.0231933
0.024108825
0.024108825
0.023498475
0.023498475
0.023498475
0.0231933
0.02380365
0.023498475
0.0231933
0.023498475
0.02380365
0.023498475
0.0231933
0.023498475
0.024414
0.02380365
0.022888125
0.023498475
0.024108825
0.022888125
0.0231933
0.02380365
0.022888125
0.023498475
0.0231933
0.024108825
0.024108825
0.024414
0.02502435
0.02258295
0.024414
0.024108825
0.02380365
0.0231933
0.0231933
0.024108825
0.02380365
0.02380365
0.022888125
0.0231933
0.023498475
0.024108825
0.023498475
0.024414
0.023498475
0.024108825
0.022888125
0.02380365
0.02380365
0.0231933
0.024108825
0.023498475
0.0231933
0.024414
0.02380365
0.023498475
0.02380365
0.024108825
0.0231933
0.024108825
0.023498475
0.022888125
0.02258295
0.024108825
0.024108825
0.02380365
0.024108825
0.0231933
0.024414
0.02258295
0.023498475
0.024108825
0.022888125
0.0231933
0.02380365
0.024108825
0.0231933
0.02380365
0.023498475
0.024108825
0.02258295
0.023498475
0.023498475
0.024414
0.0231933
0.023498475
0.023498475
0.0231933
0.022888125
0.02380365
0.024108825
0.024414
0.02380365
0.02380365
0.023498475
0.024414
0.024108825
0.023498475
0.022888125
0.0231933
0.02380365
0.022888125
0.0231933
0.0231933
0.024108825
0.022888125
0.023498475
0.02258295
0.02380365
0.023498475
0.02258295
0.0231933
0.0231933
0.022888125
0.02380365
0.02258295
0.022888125
0.02380365
0.02380365
0.024108825
0.022888125
0.0231933
0.022888125
0.023498475
0.0231933
0.024719175
0.022888125
0.022888125
0.022888125
0.0231933
0.022277775
0.024108825
0.023498475
0.024414
0.024719175
0.02258295
0.02380365
0.02380365
0.02380365
0.02258295
0.0231933
0.02380365
0.024414
0.024108825
0.023498475
0.023498475
0.0231933
0.0231933
0.022277775
0.023498475
0.023498475
0.02380365
0.0231933
0.02380365
0.0231933
0.022888125
0.023498475
0.024108825
0.02380365
0.02380365
0.02502435
0.024414
0.024108825
0.02380365
0.024414
0.024108825
0.024108825
0.024719175
0.024414
0.024108825
0.024719175
0.025329525
0.025329525
0.024108825
0.024414
0.025329525
0.024414
0.025329525
0.024719175
0.024414
0.0256347
0.02380365
0.024108825
0.024719175
0.02380365
0.024414
0.024719175
0.0231933
0.024414
0.024108825
0.024414
0.023498475
0.0231933
0.023498475
0.02380365
0.024108825
0.024414
0.024719175
0.02380365
0.024719175
0.024108825
0.024108825
0.024108825
0.02380365
0.0231933
0.02380365
0.02380365
0.02380365
0.0231933
0.024414
0.024719175
0.023498475
0.024414
0.023498475
0.02380365
0.024414
0.023498475
0.023498475
0.02380365
0.024108825
0.02380365
0.0231933
0.023498475
0.024414
0.022888125
0.024108825
0.024108825
0.024108825
0.024414
0.023498475
0.02380365
0.0231933
0.024719175
0.023498475
0.02258295
0.023498475
0.02380365
0.024108825
0.0231933
0.022888125
0.0231933
0.02380365
0.022888125
0.024108825
0.02258295
0.02258295
0.0231933
0.024108825
0.023498475
0.0231933
0.023498475
0.023498475
0.022888125
0.023498475
0.023498475
0.023498475
0.02380365
0.0231933
0.02380365
0.023498475
0.024108825
0.023498475
0.022888125
0.023498475
0.023498475
0.023498475
0.02380365
0.0231933
0.0231933
0.0231933
0.024414
0.023498475
0.022888125
0.0231933
0.0231933
0.02380365
0.022888125
0.02380365
0.022888125
0.022888125
0.02380365
0.02380365
0.023498475
0.024108825
0.023498475
0.022888125
0.02502435
0.023498475
0.0231933
0.024414
0.024414
0.024108825
0.023498475
0.022888125
0.023498475
0.023498475
0.024108825
0.024108825
0.024108825
0.024108825
0.023498475
0.0036621
0.02380365
0.024108825
0.02380365
0.02380365
0.024414
0.023498475
0.023498475
0.024414
0.011291475
0.022888125
0.024414
0.024414
0.02380365
0.024108825
0.023498475
0.0231933
0.024108825
0.003356925
0.024719175
0.0231933
0.023498475
0.024108825
0.023498475
0.024108825
0.024108825
0.0231933
0.024414
0.024414
0.023498475
0.0231933
0.024108825
0.024108825
0.024414
0.023498475
0.02380365
0.02380365
0.024108825
0.0231933
0.024108825
0.024108825
0.024414
0.02380365
0.02380365
0.024719175
0.024108825
0.022888125
0.023498475
0.02380365
0.024719175
0.0231933
0.024414
0.024719175
0.024414
0.02380365
0.024414
0.024108825
0.02502435
0.023498475
0.024108825
0.02502435
0.024414
0.024414
0.00427245
0.02502435
0.024414
0.024108825
0.024414
0.024108825
0.024108825
0.024719175
0.02380365
0.023498475
0.024719175
0.023498475
0.024719175
0.023498475
0.02502435
0.024108825
0.024108825
0.024414
0.024108825
0.024719175
0.023498475
0.024414
0.024414
0.023498475
0.023498475
0.02380365
0.024414
0.02502435
0.023498475
0.024719175
0.024108825
0.024108825
0.024414
0.024719175
0.023498475
0.024108825
0.02380365
0.02380365
0.024719175
0.024719175
0.024108825
0.024414
0.426329475
0.108337125
0.0427245
0.028381275
0.024414
0.024719175
0.024719175
0.024719175
0.024414
0.023498475
0.02380365
0.025329525
0.02502435
0.024719175
0.0256347
0.02380365
0.024108825
0.024108825
0.024719175
0.02380365
0.025329525
0.024414
0.025329525
0.024414
0.024414
0.024719175
0.02502435
0.024414
0.02502435
0.024414
0.024108825
0.024414
0.024719175
0.024414
0.02380365
0.0231933
0.024719175
0.024719175
0.024719175
0.024719175
0.024719175
0.024108825
0.024414
0.024108825
0.024108825
0.02502435
0.024108825
0.023498475
0.023498475
0.024414
0.0256347
0.023498475
0.023498475
0.02380365
0.024108825
0.02380365
0.024719175
0.02380365
0.024414
0.0256347
0.02380365
0.024108825
0.02502435
0.024719175
0.02502435
0.023498475
0.024108825
0.023498475
0.023498475
0.024414
0.02258295
0.02380365
0.024108825
0.024414
0.023498475
0.024108825
0.024108825
0.024414
0.023498475
0.023498475
0.024414
0.02380365
0.024108825
0.02380365
0.024108825
0.024414
0.024719175
0.024108825
0.024108825
0.023498475
0.024414
0.023498475
0.024108825
0.024108825
0.024414
0.024719175
0.02380365
0.0231933
0.024414
0.024414
0.024108825
0.024719175
0.0231933
0.02380365
0.024108825
0.02502435
0.02380365
0.02380365
0.02380365
0.024108825
0.024108825
0.024719175
0.024719175
0.02502435
0.024414
0.024414
0.024414
0.025329525
0.02380365
0.024719175
0.02380365
0.025329525
0.024108825
0.024719175
0.02380365
0.023498475
0.02380365
0.0231933
0.024108825
0.0231933
0.023498475
0.02380365
0.02502435
0.023498475
0.024719175
0.024108825
0.024108825
0.024108825
0.024719175
0.02380365
0.024414
0.024108825
0.024414
0.024719175
0.0231933
0.024414
0.024414
0.02380365
0.02380365
0.02502435
0.02502435
0.024414
0.024414
0.024108825
0.024108825
0.024719175
0.024414
0.023498475
0.024414
0.0231933
0.024414
0.024414
0.024414
0.023498475
0.024108825
0.02380365
0.024108825
0.024108825
0.024108825
0.022888125
0.024719175
0.024108825
0.0231933
0.02380365
0.023498475
0.024414
0.024719175
0.024414
0.023498475
0.024719175
0.024414
0.024108825
0.0231933
0.02380365
0.024414
0.024719175
0.0231933
0.024719175
0.024719175
0.024414
0.023498475
0.02380365
0.024108825
0.024108825
0.024108825
0.0231933
0.02380365
0.024108825
0.02380365
0.024108825
0.011901825
0.024414
0.024719175
0.02380365
0.023498475
0.02380365
0.023498475
0.02258295
0.024414
0.024108825
0.024414
0.02380365
0.023498475
0.02380365
0.024108825
0.02380365
0.023498475
0.02380365
0.02380365
0.0231933
0.024414
0.02380365
0.02502435
0.024414
0.0231933
0.023498475
0.02502435
0.025329525
0.023498475
0.024108825
0.023498475
0.024108825
0.02502435
0.024719175
0.02380365
0.023498475
0.024414
0.02502435
0.02380365
0.024719175
0.024108825
0.024414
0.024108825
0.024108825
0.02380365
0.024414
0.024414
0.0231933
0.024108825
0.0231933
0.024414
0.024719175
0.024414
0.024719175
0.024719175
0.02380365
0.024414
0.0231933
0.024108825
0.024414
0.024414
0.0256347
0.024719175
0.023498475
0.023498475
0.0231933
0.02380365
0.02502435
0.024719175
0.024108825
0.02502435
0.024108825
0.024108825
0.024108825
0.024108825
0.024108825
0.02380365
0.024719175
0.023498475
0.023498475
0.024108825
0.02380365
0.02380365
0.02380365
0.024108825
0.024719175
0.02380365
0.024108825
0.024108825
0.02502435
0.024414
0.02380365
0.024719175
0.024108825
0.024108825
0.023498475
0.024108825
0.0231933
0.02380365
0.023498475
0.024108825
0.024414
0.024108825
0.024108825
0.022888125
0.02380365
0.023498475
0.0231933
0.02502435
0.023498475
0.02380365
0.024719175
0.02624505
0.024719175
0.024108825
0.024108825
0.024414
0.0231933
0.024108825
0.023498475
0.024108825
0.0231933
0.02380365
0.023498475
0.023498475
0.024414
0.02502435
0.024719175
0.023498475
0.024719175
0.024719175
0.02380365
0.02380365
0.0329589
0.0256347
0.02380365
0.023498475
0.02502435
0.024108825
0.023498475
0.023498475
0.02380365
0.024414
0.024414
0.024108825
0.024414
0.024108825
0.024108825
0.024108825
0.024719175
0.024414
0.023498475
0.024414
0.02380365
0.023498475
0.024414
0.024719175
0.023498475
0.024414
0.023498475
0.0231933
0.024414
0.02380365
0.0231933
0.024414
0.0231933
0.024719175
0.024108825
0.024108825
0.025329525
0.023498475
0.023498475
0.024414
0.024108825
0.024719175
0.024719175
0.024719175
0.024108825
0.024108825
0.02380365
0.024414
0.024108825
0.024719175
0.0231933
0.024719175
0.023498475
0.02380365
0.024414
0.024719175
0.02502435
0.02380365
0.024414
0.02380365
0.023498475
0.023498475
0.023498475
0.02380365
0.024414
0.023498475
0.02380365
0.023498475
0.02380365
0.02380365
0.02380365
0.023498475
0.02380365
0.023498475
0.0231933
0.02380365
0.024719175
0.02380365
0.02502435
0.023498475
0.024108825
0.02380365
0.02380365
0.024414
0.02380365
0.023498475
0.02502435
0.024414
0.024108825
0.023498475
0.0231933
0.024108825
0.024414
0.02380365
0.024414
0.02380365
0.02380365
0.024108825
0.024719175
0.023498475
0.024414
0.024719175
0.024108825
0.024414
0.0231933
0.023498475
0.024414
0.023498475
0.024108825
0.02502435
0.02258295
0.02380365
0.024719175
0.02380365
0.024108825
0.023498475
0.024719175
0.024414
0.024108825
0.023498475
0.022888125
0.024719175
0.02502435
0.02502435
0.02380365
0.024108825
0.024414
0.023498475
0.024719175
0.024414
0.02380365
0.0231933
0.024108825
0.024414
0.02380365
0.024719175
0.024108825
0.023498475
0.023498475
0.022888125
0.02502435
0.02380365
0.024108825
0.02380365
0.023498475
0.024108825
0.024719175
0.024719175
0.024414
0.024108825
0.024108825
0.0268554
0.025329525
0.025329525
0.02502435
0.023498475
0.0231933
0.024414
0.024108825
0.024414
0.02380365
0.023498475
0.024414
0.024108825
0.024719175
0.02502435
0.0231933
0.02380365
0.023498475
0.023498475
0.024719175
0.024108825
0.024108825
0.025329525
0.024414
0.02380365
0.023498475
0.024414
0.024719175
0.02502435
0.02380365
0.024414
0.024108825
0.023498475
0.023498475
0.024108825
0.02380365
0.02380365
0.023498475
0.024108825
0.024719175
0.024108825
0.024414
0.02380365
0.024414
0.024108825
0.02380365
0.023498475
0.02380365
0.02380365
0.024719175
0.024414
0.024414
0.023498475
0.024719175
0.024719175
0.024108825
0.023498475
0.02380365
0.0231933
0.024414
0.02380365
0.024108825
0.02380365
0.024719175
0.02380365
0.024414
0.0231933
0.023498475
0.023498475
0.024719175
0.0231933
0.023498475
0.024719175
0.024719175
0.024414
0.02380365
0.0231933
0.024719175
0.023498475
0.02380365
0.024414
0.024719175
0.023498475
0.0231933
0.023498475
0.02380365
0.02380365
0.0231933
0.02380365
0.024414
0.0231933
0.022888125
0.02380365
0.024108825
0.024414
0.02380365
0.02380365
0.024108825
0.0231933
0.023498475
0.024108825
0.024414
0.024414
0.02380365
0.024414
0.02380365
0.023498475
0.02380365
0.024108825
0.024108825
0.02380365
0.024414
0.024414
0.023498475
0.023498475
0.024719175
0.024719175
0.0231933
0.024719175
0.02380365
0.024719175
0.02380365
0.02380365
0.0231933
0.024414
0.024108825
0.02380365
0.024108825
0.02380365
0.023498475
0.025329525
0.024108825
0.02380365
0.02502435
0.024414
0.02502435
0.02502435
0.02380365
0.023498475
0.02380365
0.02380365
0.024108825
0.023498475
0.024414
0.024108825
0.024108825
0.024414
0.023498475
0.02380365
0.024414
0.02380365
0.024414
0.02502435
0.02380365
0.024108825
0.02380365
0.024414
0.023498475
0.024414
0.024719175
0.02380365
0.0231933
0.023498475
0.024108825
0.024414
0.02502435
0.0231933
0.0231933
0.024108825
0.024108825
0.027160575
0.025329525
0.02380365
0.02380365
0.02380365
0.024414
0.024414
0.02380365
0.02380365
0.024414
0.02502435
0.023498475
0.024719175
0.024719175
0.024414
0.023498475
0.02380365
0.024108825
0.024108825
0.0231933
0.02380365
0.024108825
0.023498475
0.024108825
0.023498475
0.022888125
0.022888125
0.024414
0.024108825
0.0231933
0.023498475
0.023498475
0.024414
0.023498475
0.02502435
0.025329525
0.024414
0.024719175
0.024414
0.023498475
0.024414
0.02380365
0.02380365
0.024108825
0.022888125
0.024414
0.024108825
0.02380365
0.024719175
0.024719175
0.024414
0.024414
0.023498475
0.022888125
0.024414
0.024414
0.024414
0.024108825
0.0231933
0.02380365
0.023498475
0.024414
0.0231933
0.024108825
0.023498475
0.024108825
0.02380365
0.024414
0.024414
0.024719175
0.024108825
0.024414
0.024414
0.023498475
0.024414
0.02380365
0.024414
0.024719175
0.024414
0.02380365
0.024108825
0.02380365
0.024108825
0.024108825
0.024414
0.024108825
0.024719175
0.02380365
0.024414
0.02502435
0.023498475
0.024719175
0.023498475
0.024108825
0.02380365
0.024414
0.0231933
0.023498475
0.024414
0.024414
0.024414
0.02380365
0.02380365
0.02380365
0.0231933
0.024108825
0.024108825
0.02502435
0.023498475
0.024414
0.0231933
0.02380365
0.024414
0.0231933
0.023498475
0.024414
0.023498475
0.024719175
0.023498475
0.024414
0.0231933
0.02380365
0.022888125
0.022888125
0.024414
0.0231933
0.024108825
0.024414
0.024414
0.024414
0.0231933
0.02380365
0.02502435
0.02380365
0.024414
0.024719175
0.024108825
0.024414
0.023498475
0.023498475
0.024108825
0.024719175
0.024108825
0.024414
0.0231933
0.02380365
0.024719175
0.02380365
0.023498475
0.024414
0.02380365
0.024108825
0.02502435
0.024108825
0.024108825
0.024108825
0.02380365
0.02380365
0.023498475
0.024414
0.022888125
0.024108825
0.023498475
0.024414
0.024108825
0.023498475
0.023498475
0.024414
0.024108825
0.02380365
0.023498475
0.024414
0.024108825
0.023498475
0.025329525
0.0231933
0.024719175
0.02380365
0.023498475
0.02380365
0.02380365
0.02380365
0.0231933
0.024108825
0.024108825
0.02380365
0.023498475
0.023498475
0.023498475
0.02380365
0.02502435
0.024108825
0.023498475
0.024719175
0.024414
0.024108825
0.024108825
0.024414
0.024108825
0.024414
0.024108825
0.024108825
0.023498475
0.024414
0.024108825
0.0231933
0.022888125
0.025329525
0.024414
0.024108825
0.023498475
0.024414
0.0231933
0.02380365
0.024719175
0.024108825
0.02380365
0.02380365
0.024108825
0.0231933
0.02380365
0.024108825
0.0231933
0.022888125
0.024108825
0.024719175
0.023498475
0.02380365
0.024414
0.02380365
0.025329525
0.024414
0.024414
0.023498475
0.024108825
0.023498475
0.024414
0.0231933
0.0231933
0.024108825
0.02502435
0.02380365
0.0231933
0.02380365
0.024108825
0.024108825
0.024414
0.024108825
0.02380365
0.024414
0.023498475
0.024108825
0.02380365
0.022888125
0.023498475
0.024108825
0.0231933
0.02380365
0.0231933
0.02380365
0.024108825
0.024108825
0.024414
0.02380365
0.023498475
0.024108825
0.024108825
0.02502435
0.024414
0.024108825
0.023498475
0.024719175
0.02380365
0.024414
0.024108825
0.024108825
0.023498475
0.0231933
0.02502435
0.024414
0.0231933
0.0231933
0.024414
0.023498475
0.023498475
0.024414
0.024414
0.024414
0.024719175
0.02502435
0.024414
0.02380365
0.02380365
0.024414
0.0231933
0.024108825
0.024108825
0.0231933
0.024719175
0.024108825
0.02380365
0.02380365
0.0231933
0.024108825
0.02380365
0.02380365
0.02380365
0.02258295
0.02502435
0.023498475
0.02380365
0.0231933
0.023498475
0.022888125
0.024414
0.02380365
0.024108825
0.02380365
0.022888125
0.024414
0.024108825
0.024414
0.024414
0.02380365
0.023498475
0.02380365
0.02258295
0.023498475
0.02380365
0.0231933
0.024414
0.02380365
0.024719175
0.023498475
0.02380365
0.023498475
0.024414
0.023498475
0.024108825
0.024414
0.024108825
0.024108825
0.024414
0.02380365
0.0231933
0.024414
0.024108825
0.024414
0.023498475
0.02380365
0.024414
0.02380365
0.024414
0.025329525
0.02502435
0.024108825
0.024719175
0.024719175
0.024108825
0.023498475
0.024108825
0.02502435
0.02502435
0.02380365
0.02380365
0.02380365
0.024108825
0.024414
0.024719175
0.024414
0.024414
0.023498475
0.023498475
0.02380365
0.024414
0.025329525
0.02380365
0.02502435
0.02380365
0.024719175
0.024108825
0.024414
0.02380365
0.02380365
0.02380365
0.02502435
0.023498475
0.02502435
0.024719175
0.024719175
0.02380365
0.024719175
0.02502435
0.02380365
0.023498475
0.024414
0.024108825
0.024108825
0.024414
0.025329525
0.02380365
0.023498475
0.024414
0.024414
0.024108825
0.024719175
0.024414
0.023498475
0.022888125
0.0231933
0.02380365
0.024108825
0.024108825
0.024108825
0.024108825
0.024414
0.024108825
0.023498475
0.0158691
0.02380365
0.024108825
0.024108825
0.024108825
0.024414
0.024719175
0.02502435
0.024414
0.023498475
0.023498475
0.0231933
0.024414
0.023498475
0.02380365
0.02258295
0.024108825
0.023498475
0.024108825
0.024719175
0.02380365
0.024719175
0.02380365
0.023498475
0.024719175
0.024719175
0.02380365
0.024108825
0.024719175
0.023498475
0.02380365
0.02380365
0.024719175
0.024414
0.023498475
0.023498475
0.024414
0.024719175
0.02380365
0.024414
0.024108825
0.024414
0.024108825
0.02502435
0.024719175
0.02380365
0.024719175
0.024719175
0.02380365
0.024719175
0.02380365
0.024414
0.02380365
0.02502435
0.0231933
0.024108825
0.02380365
0.024414
0.0231933
0.024414
0.023498475
0.02380365
0.0231933
0.024108825
0.024108825
0.02380365
0.024108825
0.024719175
0.02380365
0.02380365
0.024719175
0.0231933
0.024108825
0.02380365
0.024719175
0.02380365
0.024108825
0.024719175
0.024108825
0.024108825
0.02380365
0.024719175
0.023498475
0.02502435
0.02380365
0.024108825
0.024719175
0.02380365
0.022888125
0.02380365
0.02380365
0.02380365
0.024414
0.023498475
0.02380365
0.02380365
0.024414
0.023498475
0.023498475
0.024108825
0.024108825
0.024108825
0.024108825
0.0231933
0.02502435
0.024414
0.0231933
0.0231933
0.02380365
0.0231933
0.024414
0.02380365
0.024108825
0.02502435
0.024414
0.024719175
0.02380365
0.024414
0.0231933
0.024108825
0.02380365
0.022888125
0.023498475
0.023498475
0.024414
0.024108825
0.0231933
0.02380365
0.02380365
0.023498475
0.024414
0.024414
0.023498475
0.02380365
0.023498475
0.02380365
0.02380365
-0.0012207
0.022888125
0.02502435
0.023498475
0.024414
0.02380365
0.023498475
0.024414
0.024414
0.02502435
0.02380365
0.024108825
0.02380365
0.02380365
0.02380365
0.023498475
0.02380365
0.022888125
0.02380365
0.02380365
0.02380365
0.02380365
0.02380365
0.024719175
0.02380365
0.02380365
0.023498475
0.024719175
0.02258295
0.024719175
0.024108825
0.024108825
0.024108825
0.0231933
0.02380365
0.02380365
0.024108825
0.024108825
0.023498475
0.02380365
0.02502435
0.024719175
0.023498475
0.024719175
0.023498475
0.02380365
0.024414
0.023498475
0.024414
0.024414
0.024414
0.02502435
0.024108825
0.023498475
0.024414
0.024108825
0.024719175
0.023498475
0.0231933
0.02380365
0.023498475
0.02502435
0.024719175
0.02502435
0.022888125
0.024719175
0.023498475
0.024108825
0.023498475
0.02380365
0.02502435
0.024108825
0.023498475
0.023498475
0.02502435
0.0231933
0.024414
0.024108825
0.024414
0.024108825
0.024108825
0.02380365
0.024108825
0.00915525
0.024719175
0.0256347
0.024108825
0.023498475
0.024414
0.032653725
0.025329525
0.024719175
0.024414
0.02502435
0.024108825
0.024108825
0.0231933
0.022888125
0.024108825
0.02380365
0.024414
0.025329525
0.024108825
0.02380365
0.0231933
0.024108825
0.02380365
0.023498475
0.024108825
0.024108825
0.02380365
0.0231933
0.02380365
0.02380365
0.02380365
0.022888125
0.02502435
0.024414
0.0256347
0.014953575
0.02502435
0.024108825
0.024719175
0.02380365
0.024108825
0.024108825
0.024414
0.02380365
0.024414
0.024414
0.023498475
0.02380365
0.024414
0.02380365
0.024719175
0.02502435
0.024719175
0.023498475
0.02502435
0.02380365
0.024719175
0.02380365
0.024414
0.024108825
0.024108825
0.02380365
0.024108825
0.023498475
0.024108825
0.0231933
0.024414
0.024108825
0.024108825
0.02380365
0.023498475
0.02502435
0.024108825
0.024414
0.02380365
0.023498475
0.024108825
0.02380365
0.02380365
0.02380365
0.02380365
0.023498475
0.024414
0.02502435
0.024414
0.0231933
0.02380365
0.025939875
0.024719175
0.023498475
0.025329525
0.024414
0.024108825
0.02380365
0.024414
0.0231933
0.021667425
0.023498475
0.024719175
0.024414
0.02380365
0.024414
0.02380365
0.024108825
0.02380365
0.024719175
0.024719175
0.024108825
0.024414
0.024108825
0.024414
0.0231933
0.024414
0.023498475
0.024108825
0.024414
0.024719175
0.024414
0.02380365
0.024414
0.024108825
0.02380365
0.02380365
0.024719175
0.0231933
0.024719175
0.024414
0.024414
0.024108825
0.024719175
0.024414
0.024719175
0.02380365
0.02380365
0.023498475
0.023498475
0.02502435
0.023498475
0.02502435
0.024719175
0.024108825
0.023498475
0.024414
0.02380365
0.023498475
0.024108825
0.024719175
0.024414
0.024108825
0.024414
0.024414
0.024414
0.02502435
0.024414
0.02380365
0.024414
0.02380365
0.024108825
0.024108825
0.024719175
0.02380365
0.024414
0.024414
0.024414
0.024414
0.02380365
0.024108825
0.0256347
0.024108825
0.02502435
0.024414
0.024108825
0.024108825
0.024719175
0.024108825
0.02380365
0.02380365
0.025329525
0.024108825
0.02502435
0.024108825
0.024108825
0.024108825
0.024414
0.02380365
0.02380365
0.024414
0.025329525
0.02502435
0.024414
0.024414
0.024414
0.024719175
0.024414
0.024719175
0.02502435
0.025329525
0.02502435
0.025329525
0.025329525
0.024108825
0.025329525
0.024719175
0.025329525
0.024719175
0.025329525
0.024719175
0.02502435
0.02502435
0.025329525
0.025939875
0.024108825
0.024719175
0.024414
0.02502435
0.024719175
0.02502435
0.024719175
0.02502435
0.025329525
0.024719175
0.0256347
0.02502435
0.024719175
0.025329525
0.024719175
0.025939875
0.0256347
0.024719175
0.02502435
0.024719175
0.026550225
0.024719175
0.025329525
0.024108825
0.024414
0.024108825
0.024719175
0.025939875
0.025939875
0.0256347
0.025939875
0.02502435
0.025939875
0.024719175
0.025939875
0.0256347
0.025939875
0.025939875
0.025329525
0.026550225
0.0256347
0.025939875
0.025329525
0.025329525
0.02624505
0.025939875
0.0256347
0.025329525
0.0268554
0.025329525
0.027160575
0.0268554
0.02624505
0.0268554
0.026550225
0.02624505
0.02746575
0.026550225
0.0268554
0.026550225
0.0268554
0.0280761
0.0268554
0.026550225
0.027160575
0.02624505
0.02746575
0.027160575
0.0268554
0.027160575
0.026550225
0.02624505
0.0268554
0.026550225
0.027160575
0.02624505
0.0280761
0.0268554
0.027770925
0.028381275
0.02746575
0.02868645
0.028381275
0.0280761
0.028381275
0.0280761
0.027770925
0.028991625
0.028381275
0.028381275
0.0292968
0.028991625
0.030212325
0.0292968
0.028991625
0.0280761
0.029601975
0.030822675
0.0305175
0.0305175
0.030212325
0.0317382
0.0305175
0.031433025
0.032043375
0.03112785
0.03234855
0.0329589
0.03234855
0.033264075
0.032653725
0.032653725
0.032653725
0.033874425
0.0341796
0.034484775
0.0354003
0.035705475
0.03601065
0.03601065
0.036315825
0.037536525
0.037536525
0.0378417
0.03723135
0.038146875
0.03845205
0.038757225
0.0390624
0.041198625
0.04089345
0.04089345
0.04211415
0.043029675
0.0427245
0.0427245
0.04333485
0.04455555
0.044250375
0.04333485
0.046081425
0.046081425
0.0476073
0.047912475
0.047302125
0.04943835
0.04821765
0.04943835
0.0500487
0.0500487
0.0512694
0.05187975
0.052184925
0.05187975
0.054015975
0.054015975
0.05310045
0.0537108
0.054626325
0.054626325
0.05432115
0.055847025
0.055847025
0.05554185
0.05676255
0.05798325
0.05798325
0.059509125
0.0585936
0.0585936
0.061035
0.06164535
0.06042465
0.0622557
0.06164535
0.061950525
0.061950525
0.061035
0.06164535
0.06164535
0.061340175
0.061340175
0.061340175
0.06164535
0.06164535
0.061035
0.061950525
0.061340175
0.062560875
0.061340175
0.061035
0.061340175
0.061035
0.0598143
0.061340175
0.060729825
0.061035
0.05920395
0.0598143
0.05920395
0.05920395
0.05798325
0.0573729
0.059509125
0.0573729
0.05676255
0.0561522
0.055847025
0.05554185
0.054015975
0.052795275
0.052184925
0.052795275
0.051574575
0.0512694
0.050353875
0.049133175
0.047302125
0.04699695
0.045471075
0.044250375
0.04333485
0.043640025
0.042419325
0.04211415
0.0402831
0.0402831
0.03845205
0.038757225
0.03845205
0.0378417
0.03723135
0.037536525
0.035705475
0.036621
0.03478995
0.035095125
0.034484775
0.033264075
0.033264075
0.0341796
0.03234855
0.0329589
0.0317382
0.03234855
0.032043375
0.03112785
0.0305175
0.03112785
0.0317382
0.029601975
0.0305175
0.0305175
0.031433025
0.03112785
0.030822675
0.031433025
0.030212325
0.02990715
0.02990715
0.0305175
0.02990715
0.02868645
0.028381275
0.027770925
0.029601975
0.02868645
0.028381275
0.028381275
0.02868645
0.028381275
0.0280761
0.027770925
0.0280761
0.02746575
0.027770925
0.0268554
0.027160575
0.0256347
0.026550225
0.025939875
0.02624505
0.027160575
0.0256347
0.026550225
0.025939875
0.02624505
0.026550225
0.0256347
0.0256347
0.026550225
0.02624505
0.026550225
0.02624505
0.0256347
0.025939875
0.025329525
0.025939875
0.025329525
0.025329525
0.025939875
0.025939875
0.025939875
0.02502435
0.024719175
0.02380365
0.024719175
0.02502435
0.025329525
0.024414
0.025329525
0.025329525
0.02502435
0.025939875
0.02502435
0.02502435
0.025329525
0.024719175
0.024719175
0.02502435
0.0256347
0.02502435
0.024108825
0.025329525
0.024719175
0.024108825
0.024414
0.024414
0.02502435
0.024108825
0.024108825
0.024719175
0.025329525
0.024414
0.024414
0.024719175
0.024719175
0.02380365
0.024719175
0.024108825
0.024719175
0.02380365
0.025329525
0.0256347
0.021057075
0.02502435
0.02502435
0.02380365
0.024414
0.024108825
0.023498475
0.02380365
0.024108825
0.02380365
0.024719175
0.023498475
0.024108825
0.024414
0.02380365
0.023498475
0.024414
0.023498475
0.024414
0.0231933
0.024108825
0.024719175
0.024414
0.02380365
0.024108825
0.02502435
0.024414
0.024414
0.025329525
0.024719175
0.02502435
0.0231933
0.024719175
0.024414
0.024719175
0.024414
0.024108825
0.02380365
0.024414
0.02502435
0.02502435
0.02380365
0.02380365
0.024108825
0.024108825
0.024108825
0.024414
0.024108825
0.024414
0.025329525
0.024108825
0.02380365
0.023498475
0.024414
0.02380365
0.024108825
0.024719175
0.024414
0.02380365
0.024719175
0.0231933
0.02380365
0.02502435
0.024108825
0.02380365
0.024719175
0.02380365
0.023498475
0.024108825
0.024414
0.025329525
0.02502435
0.024414
0.02380365
0.024414
0.023498475
0.024108825
0.0231933
0.024108825
0.024719175
0.024414
0.024414
0.024719175
0.024108825
0.024108825
0.024719175
0.024719175
0.02380365
0.024108825
0.02502435
0.02502435
0.024719175
0.023498475
0.024414
0.0231933
0.024414
0.02380365
0.024719175
0.0231933
0.023498475
0.024719175
0.024719175
0.023498475
0.02380365
0.024414
0.024719175
0.02380365
0.025329525
0.024414
0.023498475
0.024108825
0.02502435
0.024108825
0.02380365
0.024719175
0.024108825
0.024108825
0.024108825
0.025329525
0.024414
0.024719175
0.0231933
0.02502435
0.024414
0.024414
0.02380365
0.02380365
0.024108825
0.024414
0.02502435
0.022888125
0.02380365
0.0231933
0.024719175
0.02502435
0.024108825
0.024108825
0.024414
0.02502435
0.0231933
0.0256347
0.024719175
0.024108825
0.024719175
0.024414
0.024108825
0.024108825
0.02380365
0.02380365
0.02380365
0.024719175
0.024108825
0.024719175
0.02380365
0.0256347
0.024414
0.023498475
0.024414
0.024108825
0.02380365
0.02380365
0.024719175
0.024719175
0.025329525
0.02380365
0.024414
0.024414
0.02502435
0.02380365
0.024414
0.024414
0.02380365
0.024108825
0.024108825
0.024108825
0.024719175
0.024719175
0.024414
0.02380365
0.023498475
0.024414
0.024719175
0.02502435
0.024414
0.024719175
0.024719175
0.025329525
0.02380365
0.02380365
0.023498475
0.024108825
0.024108825
0.024414
0.023498475
0.024414
0.0231933
0.02380365
0.024414
0.024414
0.024414
0.024719175
0.024414
0.023498475
0.024108825
0.02380365
0.024108825
0.02502435
0.024108825
0.02502435
0.024719175
0.02380365
0.024719175
0.0231933
0.024414
0.024719175
0.024108825
0.023498475
0.02380365
0.024414
0.024719175
0.024108825
0.02502435
0.024108825
0.024414
0.024414
0.024414
0.024719175
0.024414
0.02380365
0.024414
0.024414
0.023498475
0.023498475
0.02380365
0.024719175
0.024414
0.024414
0.024108825
0.02380365
0.024108825
0.024108825
0.024414
0.024719175
0.024719175
0.023498475
0.02380365
0.02380365
0.02502435
0.024414
0.0231933
0.024108825
0.024108825
0.02380365
0.02380365
0.024414
0.023498475
0.023498475
0.02380365
0.024719175
0.024108825
0.024108825
0.024108825
0.0231933
0.0231933
0.024414
0.024719175
0.024719175
0.024719175
0.024414
0.02380365
0.024719175
0.02380365
0.023498475
0.024719175
0.023498475
0.023498475
0.024108825
0.024108825
0.02380365
0.024414
0.0231933
0.023498475
0.024108825
0.024108825
0.024719175
0.02502435
0.024414
0.0231933
0.024108825
0.023498475
0.02502435
0.023498475
0.02380365
0.02380365
0.024108825
0.024108825
0.024414
0.024414
0.024108825
0.024414
0.024108825
0.02380365
0.02380365
0.024414
0.024108825
0.02380365
0.024414
0.023498475
0.0231933
0.024414
0.02380365
0.023498475
0.024108825
0.024719175
0.02380365
0.024108825
0.02380365
0.024414
0.024414
0.023498475
0.024108825
0.023498475
0.024108825
0.024108825
0.02380365
0.024719175
0.024719175
0.024414
0.02502435
0.024108825
0.024719175
0.023498475
0.024108825
0.024414
0.023498475
0.022888125
0.024108825
0.023498475
0.023498475
0.024414
0.022888125
0.02380365
0.024719175
0.023498475
0.0231933
0.024108825
0.024108825
0.024108825
0.022888125
0.024108825
0.024108825
0.024108825
0.024719175
0.024719175
0.02380365
0.024108825
0.024414
0.02502435
0.0231933
0.024719175
0.02380365
0.024108825
0.023498475
0.023498475
0.024108825
0.02380365
0.02380365
0.024108825
0.02380365
0.02380365
0.024719175
0.024108825
0.024719175
0.024414
0.024719175
0.02380365
0.02380365
0.023498475
0.023498475
0.02380365
0.02502435
0.024108825
0.02380365
0.02380365
0.023498475
0.02380365
0.024108825
0.0231933
0.02380365
0.023498475
0.024414
0.0231933
0.024414
0.024414
0.023498475
0.024414
0.024414
0.024414
0.02380365
0.024414
0.024414
0.024414
0.024719175
0.024108825
0.024108825
0.024414
0.024414
0.024108825
0.023498475
0.024108825
0.02380365
0.024108825
0.024108825
0.023498475
0.02380365
0.024414
0.024719175
0.024108825
0.023498475
0.024414
0.024108825
0.0231933
0.024719175
0.023498475
0.02380365
0.02380365
0.024414
0.02380365
0.024414
0.023498475
0.02380365
0.024108825
0.024719175
0.02380365
0.02380365
0.02502435
0.02380365
0.02502435
0.024108825
0.024108825
0.02380365
0.02502435
0.02380365
0.024719175
0.024108825
0.024414
0.024414
0.02380365
0.024108825
0.0231933
0.024414
0.024108825
0.024719175
0.024414
0.024414
0.024108825
0.023498475
0.024414
0.023498475
0.024108825
0.02380365
0.02380365
0.024414
0.024719175
0.024108825
0.024719175
0.023498475
0.023498475
0.023498475
0.02380365
0.024108825
0.023498475
0.024108825
0.024414
0.024719175
0.024414
0.02380365
0.023498475
0.0231933
0.02380365
0.02380365
0.023498475
0.024719175
0.0231933
0.024414
0.02380365
0.0231933
0.024414
0.024414
0.024108825
0.02502435
0.02380365
0.024719175
0.02502435
0.02380365
0.024108825
0.024108825
0.02380365
0.024108825
0.024719175
0.024108825
0.024414
0.024108825
0.024108825
0.02380365
0.02502435
0.02380365
0.024414
0.024719175
0.02502435
0.024108825
0.024108825
0.024108825
0.02380365
0.024414
0.024414
0.02380365
0.024414
0.024414
0.02380365
0.024414
0.02380365
0.02380365
0.024719175
0.024108825
0.0256347
0.0231933
0.024414
0.024719175
0.022888125
0.024414
0.024414
0.02380365
0.024414
0.024414
0.024414
0.024414
0.025329525
0.024719175
0.0231933
0.024414
0.02380365
0.023498475
0.024719175
0.024108825
0.023498475
0.02380365
0.024414
0.024108825
0.024414
0.024414
0.024414
0.02502435
0.024414
0.023498475
0.024414
0.024719175
0.024108825
0.024108825
0.024414
0.024719175
0.024719175
0.024719175
0.024108825
0.02380365
0.0231933
0.024108825
0.02380365
0.024108825
0.023498475
0.02380365
0.024108825
0.024719175
0.023498475
0.02380365
0.024719175
0.02380365
0.023498475
0.023498475
0.024108825
0.024414
0.02380365
0.024414
0.024414
0.024719175
0.024108825
0.024414
0.024108825
0.024108825
0.024108825
0.02380365
0.024414
0.024108825
0.024108825
0.024108825
0.02502435
0.024108825
0.024108825
0.024414
0.024719175
0.024108825
0.023498475
0.024108825
0.024108825
0.023498475
0.024108825
0.024414
0.02502435
0.02502435
0.023498475
0.0231933
0.024719175
0.024719175
0.02502435
0.02502435
0.024414
0.024108825
0.024719175
0.0231933
0.02380365
0.024719175
0.025329525
0.024108825
0.02380365
0.024108825
0.024414
0.024414
0.02502435
0.024108825
0.02380365
0.024108825
0.024414
0.024108825
0.0231933
0.024414
0.02380365
0.02380365
0.024108825
0.02380365
0.024108825
0.02502435
0.025329525
0.024414
0.023498475
0.024414
0.024719175
0.024719175
0.02502435
0.024414
0.02380365
0.02380365
0.024719175
0.024108825
0.02502435
0.024719175
0.02380365
0.024108825
0.024108825
0.02380365
0.024719175
0.024108825
0.02380365
0.024108825
0.0231933
0.02502435
0.023498475
0.024719175
0.024108825
0.024108825
0.024108825
0.024414
0.025329525
0.024108825
0.024719175
0.023498475
0.024414
0.023498475
0.024414
0.02502435
0.024719175
0.024108825
0.024108825
0.024414
0.023498475
0.023498475
0.022888125
0.024108825
0.0231933
0.024414
0.024414
0.02380365
0.0231933
0.02380365
0.02380365
0.02380365
0.024414
0.02380365
0.023498475
0.024414
0.024414
0.023498475
0.024414
0.02380365
0.02380365
0.02502435
0.023498475
0.024108825
0.024108825
0.024108825
0.024108825
0.024719175
0.022888125
0.024108825
0.02380365
0.024414
0.024719175
0.024108825
0.02380365
0.024414
0.024414
0.024108825
0.024414
0.024414
0.02380365
0.0231933
0.02502435
0.024108825
0.024108825
0.024108825
0.02502435
0.024719175
0.02502435
0.024108825
0.0231933
0.024108825
0.024414
0.02380365
0.02380365
0.024414
0.02502435
0.024108825
0.024108825
0.024414
0.024108825
0.02380365
0.024414
0.024719175
0.022888125
0.024719175
0.02380365
0.023498475
0.024108825
0.024108825
0.02380365
0.02380365
0.02502435
0.022888125
0.02380365
0.0231933
0.024719175
0.024719175
0.024108825
0.0256347
0.024108825
0.024414
0.02380365
0.024414
0.024108825
0.024719175
0.023498475
0.02502435
0.024414
0.023498475
0.024719175
0.024108825
0.02380365
0.024719175
0.024719175
0.024414
0.02380365
0.024108825
0.02380365
0.024719175
0.024108825
0.024108825
0.024719175
0.02380365
0.02380365
0.02380365
0.023498475
0.024414
0.024414
0.024108825
0.024414
0.02380365
0.02380365
0.02380365
0.024108825
0.023498475
0.023498475
0.024108825
0.024108825
0.02380365
0.02502435
0.02502435
0.02380365
0.02380365
0.024108825
0.024414
0.023498475
0.024719175
0.024108825
0.024108825
0.02380365
0.024108825
0.024108825
0.024108825
0.024414
0.024108825
0.02380365
0.024414
0.024414
0.023498475
0.024108825
0.024414
0.02502435
0.024108825
0.02380365
0.024414
0.024414
0.025329525
0.024719175
0.024719175
0.024108825
0.024414
0.01892085
0.024719175
0.024414
0.024414
0.02380365
0.02380365
0.024108825
0.023498475
0.02502435
0.02380365
0.024108825
0.023498475
0.024414
0.02380365
0.024414
0.024414
0.024108825
0.0231933
0.024108825
0.024414
0.024414
0.024108825
0.02380365
0.024108825
0.024108825
0.02502435
0.02502435
0.02502435
0.0231933
0.024108825
0.024719175
0.024108825
0.024108825
0.02502435
0.024108825
0.025329525
0.002136225
0.02380365
0.024108825
0.02380365
0.024414
0.024719175
0.024108825
0.02380365
0.02380365
0.02502435
0.02502435
0.02502435
0.024414
0.023498475
0.024108825
0.024108825
0.02502435
0.023498475
0.024108825
0.02624505
0.0329589
0.0256347
0.0256347
0.024414
0.024414
0.024108825
0.02502435
0.025329525
0.024108825
0.02380365
0.02380365
0.023498475
0.024414
0.024414
0.023498475
0.02502435
0.023498475
0.022888125
0.024108825
0.024414
0.023498475
0.024108825
0.02502435
0.023498475
0.024108825
0.023498475
0.024414
0.02502435
0.02502435
0.024719175
0.024719175
0.024414
0.02502435
0.024108825
0.024108825
0.02380365
0.024108825
0.024414
0.024719175
0.024414
0.024719175
0.025329525
0.02502435
0.024108825
0.023498475
0.024719175
0.02380365
0.024108825
0.02502435
0.024414
0.02380365
0.023498475
0.0231933
0.02380365
0.024108825
0.024108825
0.024108825
0.02380365
0.023498475
0.024108825
0.030212325
0.0256347
0.024414
0.024414
0.024414
0.024414
0.02380365
0.023498475
0.02502435
0.024108825
0.02380365
0.024108825
0.024414
0.02380365
0.02380365
0.024719175
0.024108825
0.024719175
0.02502435
0.023498475
0.024414
0.023498475
0.024414
0.024108825
0.024108825
0.024414
0.024414
0.0231933
0.02380365
0.024108825
0.024108825
0.02380365
0.024108825
0.024719175
0.024414
0.0231933
0.023498475
0.024414
0.02258295
0.024108825
0.024108825
0.02502435
0.024719175
0.025329525
0.02502435
0.024108825
0.024108825
0.024414
0.024414
0.02380365
0.02380365
0.023498475
0.02502435
0.02380365
0.02502435
0.024414
0.024108825
0.024414
0.024108825
0.02380365
0.024719175
0.024108825
0.02502435
0.024108825
0.024108825
0.024719175
0.024414
0.023498475
0.024414
0.024414
0.024414
0.024719175
0.02380365
0.024108825
0.02502435
0.025329525
0.025329525
0.024719175
0.024108825
0.02380365
0.02380365
0.02502435
0.0256347
0.025329525
0.024414
0.025329525
0.02502435
0.024719175
0.0231933
0.024719175
0.024108825
0.024108825
0.024108825
0.024414
0.02380365
0.024108825
0.024719175
0.024108825
0.024108825
0.024414
0.024414
0.024414
0.023498475
0.025329525
0.02380365
0.024414
0.023498475
0.024719175
0.024719175
0.02380365
0.024414
0.024108825
0.02380365
0.024719175
0.0231933
0.024414
0.02502435
0.02502435
0.024414
0.024108825
0.02380365
0.024108825
0.024719175
0.025329525
0.024108825
0.02380365
0.02502435
0.025329525
0.02502435
0.024719175
0.02502435
0.024719175
0.024414
0.02502435
0.02502435
0.02380365
0.024108825
0.025329525
0.023498475
0.024414
0.02502435
0.024108825
0.02380365
0.025329525
0.02380365
0.02502435
0.024108825
0.025329525
0.024414
0.024414
0.024108825
0.024108825
0.024108825
0.023498475
0.024108825
0.02502435
0.02502435
0.02502435
0.024719175
0.0231933
0.024108825
0.024414
0.024719175
0.024414
0.024108825
0.025329525
0.024108825
0.024719175
0.024414
0.02380365
0.02380365
0.02502435
0.024414
0.02380365
0.025329525
0.02380365
0.024108825
0.023498475
0.0231933
0.024719175
0.024719175
0.02502435
0.02502435
0.024108825
0.0231933
0.024108825
0.024719175
0.02380365
0.024719175
0.024719175
0.024108825
0.024414
0.025329525
0.024414
0.024108825
0.024414
0.02502435
0.02380365
0.024719175
0.024414
0.023498475
0.024719175
0.024414
0.024414
0.024414
0.023498475
0.024414
0.02502435
0.0256347
0.0256347
0.02380365
0.0256347
0.02380365
0.024719175
0.024719175
0.02380365
0.02380365
0.024108825
0.02380365
0.024414
0.024108825
0.024414
0.024108825
0.022888125
0.024719175
0.02502435
0.02380365
0.024719175
0.024414
0.02380365
0.02380365
0.024719175
0.024719175
0.023498475
0.02380365
0.024414
0.023498475
0.02502435
0.02502435
0.0231933
0.025329525
0.02380365
0.02380365
0.02380365
0.02502435
0.02380365
0.02502435
0.024108825
0.024108825
0.025329525
0.023498475
0.023498475
0.023498475
0.024719175
0.02502435
0.02380365
0.024414
0.025329525
0.02502435
0.024414
0.024414
0.024719175
0.024719175
0.023498475
0.024719175
0.024414
0.02502435
0.024719175
0.025329525
0.02502435
0.024414
0.024414
0.024414
0.024719175
0.024108825
0.025329525
0.02502435
0.0231933
0.02380365
0.024719175
0.024108825
0.02380365
0.024719175
0.023498475
0.024108825
0.02502435
0.025329525
0.024719175
0.024719175
0.024719175
0.024414
0.02380365
0.02380365
0.0231933
0.024719175
0.024108825
0.02502435
0.024414
0.0256347
0.02380365
0.024108825
0.024719175
0.02380365
0.024414
0.02502435
0.025329525
0.024414
0.02502435
0.0231933
0.025329525
0.024108825
0.025329525
0.02502435
0.024414
0.02380365
0.02502435
0.025329525
0.024108825
0.02380365
0.004577625
0.024414
0.024414
0.024108825
0.024414
0.02502435
0.02380365
0.02502435
0.024719175
0.024414
0.024414
0.024414
0.024719175
0.025329525
0.024719175
0.02502435
0.024414
0.024414
0.02502435
0.024414
0.024719175
0.024414
0.024108825
0.02380365
0.024108825
0.024719175
0.024108825
0.02502435
0.024719175
0.02502435
0.02380365
0.02502435
0.025329525
0.02380365
0.023498475
0.02380365
0.024414
0.02380365
0.024414
0.02380365
0.02502435
0.024414
0.023498475
0.02502435
0.0256347
0.02502435
0.024414
0.02624505
0.02502435
0.024108825
0.02502435
0.02380365
0.02746575
0.025329525
0.02502435
0.024414
0.02502435
0.0256347
0.023498475
0.024414
0.02502435
0.024414
0.02624505
0.024108825
0.02502435
0.02380365
0.024414
0.02380365
0.024719175
0.02502435
0.024108825
0.02380365
0.024719175
0.025329525
0.024414
0.025329525
0.024719175
0.024414
0.024414
0.025939875
0.02502435
0.02502435
0.024414
0.024414
0.024719175
0.024719175
0.02380365
0.0256347
0.024414
0.02502435
0.025939875
0.02380365
0.02380365
0.024414
0.02502435
0.024414
0.024108825
0.02380365
0.024108825
0.02380365
0.024108825
0.024414
0.024108825
0.025329525
0.024414
0.024719175
0.024108825
0.02502435
0.024414
0.024108825
0.024719175
0.024414
0.024414
0.024108825
0.024414
0.024108825
0.024414
0.024414
0.02502435
0.02380365
0.0256347
0.024719175
0.02502435
0.024108825
0.024719175
0.02502435
0.024719175
0.02380365
0.024719175
0.025329525
0.024719175
0.02380365
0.024719175
0.024414
0.02380365
0.024719175
0.024719175
0.024414
0.024108825
0.025939875
0.024108825
0.02502435
0.02502435
0.024108825
0.025329525
0.02380365
0.024108825
0.025329525
0.024108825
0.02502435
0.024719175
0.02502435
0.023498475
0.024108825
0.025939875
0.024719175
0.025329525
0.024414
0.024719175
0.02502435
0.024414
0.024719175
0.024414
0.02502435
0.0231933
0.02502435
0.02380365
0.024719175
0.024414
0.024719175
0.02502435
0.024108825
0.024719175
0.024719175
0.024414
0.024414
0.024719175
0.024108825
0.02380365
0.02380365
0.024719175
0.025329525
0.02380365
0.024719175
0.024414
0.02502435
0.024108825
0.024414
0.024719175
0.024719175
0.024414
0.02502435
0.0256347
0.024719175
0.024108825
0.024108825
0.024414
0.023498475
0.024108825
0.02502435
0.024719175
0.024108825
0.02502435
0.024414
0.02502435
0.02380365
0.024719175
0.025329525
0.025329525
0.024719175
0.02502435
0.02502435
0.024108825
0.02502435
0.024108825
0.024108825
0.024414
0.02380365
0.0256347
0.024719175
0.02502435
0.025329525
0.024108825
0.024719175
0.025939875
0.025329525
0.024719175
0.024719175
0.024414
0.024719175
0.025329525
0.02502435
0.024108825
0.024108825
0.0256347
0.025329525
0.027770925
0.0256347
0.02502435
0.024719175
0.024108825
0.024414
0.024414
0.02502435
0.02380365
0.025329525
0.02502435
0.024108825
0.024414
0.024719175
0.024108825
0.024108825
0.024719175
0.024414
0.024414
0.024108825
0.024719175
0.024108825
0.023498475
0.024719175
0.024108825
0.02502435
0.024108825
0.024108825
0.025329525
0.02502435
0.024414
0.02502435
0.024414
0.024414
0.024414
0.024414
0.02380365
0.023498475
0.02502435
0.02502435
0.024108825
0.02502435
0.02502435
0.024719175
0.024414
0.02502435
0.02380365
0.024414
0.024719175
0.025329525
0.024414
0.024108825
0.02380365
0.024414
0.024719175
0.024719175
0.024719175
0.024719175
0.024719175
0.024414
0.024108825
0.024719175
0.02502435
0.024414
0.02502435
0.02380365
0.024719175
0.023498475
0.025329525
0.024108825
0.02502435
0.024719175
0.024108825
0.023498475
0.02502435
0.024414
0.024719175
0.024719175
0.02380365
0.0256347
0.024719175
0.024414
0.024108825
0.02502435
0.024108825
0.025329525
0.02380365
0.0256347
0.024108825
0.024719175
0.024414
0.024719175
0.024414
0.024414
0.02502435
0.02502435
0.024719175
0.02380365
0.024414
0.024414
0.024414
0.024108825
0.0256347
0.02380365
0.024414
0.024414
0.023498475
0.024108825
0.024719175
0.023498475
0.02502435
0.024719175
0.02502435
0.025329525
0.024414
0.024108825
0.024719175
0.024108825
0.024719175
0.024108825
0.024414
0.023498475
0.025329525
0.024108825
0.024719175
0.02502435
0.024719175
0.025329525
0.024414
0.0256347
0.024414
0.025329525
0.024719175
0.024108825
0.024414
0.02502435
0.024719175
0.024108825
0.02502435
0.024414
0.024414
0.024108825
0.024108825
0.02380365
0.024108825
0.025939875
0.025939875
0.025939875
0.024719175
0.024414
0.02380365
0.02502435
0.024108825
0.02502435
0.02502435
0.024719175
0.024414
0.024719175
0.024719175
0.025329525
0.024414
0.024414
0.025329525
0.025329525
0.024414
0.024108825
0.024719175
0.02502435
0.024414
0.024719175
0.024719175
0.024108825
0.02502435
0.02502435
0.0256347
0.024108825
0.024108825
0.02502435
0.0256347
0.02380365
0.024414
0.023498475
0.024414
0.024719175
0.024719175
0.024719175
0.02502435
0.024108825
0.025939875
0.024719175
0.024719175
0.024414
0.024719175
0.024108825
0.024719175
0.024414
0.02380365
0.0256347
0.024414
0.024414
0.024108825
0.024414
0.02502435
0.024108825
0.024719175
0.024414
0.02502435
0.024414
0.0231933
0.024414
0.023498475
0.024719175
0.024414
0.024108825
0.024414
0.024414
0.024108825
0.024108825
0.02380365
0.024414
0.024414
0.024719175
0.025329525
0.024108825
0.024414
0.02502435
0.02502435
0.02502435
0.024108825
0.025939875
0.024414
0.024719175
0.024719175
0.024719175
0.024414
0.025329525
0.024719175
0.024108825
0.024719175
0.024719175
0.02502435
0.02380365
0.024414
0.025329525
0.024414
0.02380365
0.024108825
0.024719175
0.005798325
0.025329525
0.024108825
0.025329525
0.0256347
0.02502435
0.02502435
0.024719175
0.023498475
0.02502435
0.025329525
0.024108825
0.025329525
0.024719175
0.02380365
0.025329525
0.025939875
0.02502435
0.024719175
0.024414
0.0256347
0.02502435
0.02380365
0.0256347
0.02502435
0.02502435
0.024414
0.024719175
0.024414
0.025329525
0.023498475
0.024108825
0.024719175
0.02502435
0.024108825
0.024108825
0.024719175
0.025329525
0.024414
0.024414
0.0256347
0.024108825
0.024414
0.02380365
0.02502435
0.024719175
0.024414
0.02502435
0.023498475
0.024719175
0.02502435
0.02380365
0.02502435
0.02380365
0.024414
0.02380365
0.02502435
0.024414
0.024414
0.024414
0.024414
0.024414
0.02746575
0.024414
0.02502435
0.024414
0.023498475
0.024108825
0.02502435
0.02380365
0.024719175
0.024719175
0.025329525
0.024108825
0.024414
0.024414
0.024719175
0.02502435
0.024108825
0.02502435
0.024719175
0.02502435
0.024108825
0.024414
0.024719175
0.0256347
0.024414
0.02502435
0.0256347
0.024414
0.024414
0.02502435
0.02502435
0.02502435
0.024414
0.024719175
0.02502435
0.02502435
0.02502435
0.02502435
0.02380365
0.024414
0.02502435
0.024719175
0.024108825
0.024414
0.024108825
0.024414
0.02502435
0.023498475
0.025329525
0.0256347
0.02502435
0.023498475
0.0256347
0.024719175
0.024719175
0.024414
0.025329525
0.024414
0.02502435
0.0256347
0.025329525
0.024108825
0.024108825
0.025329525
0.025329525
0.02502435
0.02502435
0.025329525
0.025329525
0.024719175
0.0256347
0.024108825
0.0256347
0.024414
0.024719175
0.024108825
0.024414
0.024719175
0.02502435
0.02502435
0.024414
0.02502435
0.02502435
0.024719175
0.02502435
0.024719175
0.024719175
0.025329525
0.024108825
0.02624505
0.024719175
0.024414
0.025329525
0.025329525
0.024108825
0.025329525
0.02502435
0.02502435
0.024719175
0.025329525
0.024108825
0.024719175
0.024719175
0.024414
0.02502435
0.024414
0.02502435
0.024414
0.024108825
0.02502435
0.02502435
0.024414
0.025329525
0.025329525
0.024719175
0.024719175
0.024719175
0.0256347
0.025329525
0.024719175
0.024719175
0.025329525
0.024108825
0.024719175
0.024414
0.024414
0.024414
0.024719175
0.024719175
0.0256347
0.024108825
0.024414
0.024414
0.02502435
0.024414
0.025329525
0.02380365
0.0256347
0.024719175
0.02502435
0.024108825
0.023498475
0.02502435
0.024414
0.024719175
0.02380365
0.024414
0.025939875
0.02502435
0.024108825
0.025329525
0.024719175
0.02502435
0.024108825
0.024108825
0.02380365
0.024414
0.02502435
0.025329525
0.0256347
0.024719175
0.025329525
0.025329525
0.024108825
0.024414
0.024719175
0.024719175
0.02502435
0.024414
0.024719175
0.025329525
0.02502435
0.025329525
0.025329525
0.025329525
0.02380365
0.024719175
0.0256347
0.024719175
0.024719175
0.02502435
0.024414
0.024414
0.024108825
0.025329525
0.02502435
0.02502435
0.024414
0.02502435
0.025329525
0.025329525
0.024719175
0.02502435
0.024108825
0.024108825
0.025329525
0.024108825
0.024719175
0.024719175
0.024414
0.0256347
0.02380365
0.02502435
0.023498475
0.0256347
0.024719175
0.024719175
0.0256347
0.024108825
0.024414
0.0256347
0.024414
0.024414
0.024108825
0.024108825
0.024719175
0.0256347
0.024719175
0.024719175
0.025329525
0.025329525
0.02502435
0.025329525
0.02502435
0.024414
0.024108825
0.024414
0.02502435
0.012207
0.024719175
0.024414
0.024719175
0.0256347
0.024719175
0.024108825
0.0256347
0.024719175
0.02502435
0.02380365
0.024108825
0.024414
0.02380365
0.0256347
0.024108825
0.024414
0.025329525
0.025939875
0.025329525
0.024108825
0.024719175
0.024108825
0.025939875
0.024414
0.02502435
0.024414
0.025329525
0.024108825
0.024414
0.0256347
0.024719175
0.0256347
0.02502435
0.025329525
0.025329525
0.024719175
0.025329525
0.024414
0.024414
0.024719175
0.02502435
0.02380365
0.025939875
0.024719175
0.02502435
0.024414
0.024414
0.02502435
0.02502435
0.02380365
0.02502435
0.0256347
0.02624505
0.02380365
0.02502435
0.024414
0.0256347
0.025329525
0.02502435
0.025329525
0.024108825
0.024719175
0.02502435
0.024414
0.024414
0.024719175
0.025329525
0.024414
0.024108825
0.02502435
0.024414
0.025329525
0.024414
0.02502435
0.025329525
0.024414
0.02380365
0.024414
0.024414
0.02502435
0.024719175
0.02502435
0.024414
0.0256347
0.024719175
0.02502435
0.024719175
0.024414
0.024414
0.024719175
0.02502435
0.024414
0.02502435
0.024414
0.02502435
0.02502435
0.02502435
0.02380365
0.02502435
0.02502435
0.024108825
0.023498475
0.024414
0.025329525
0.024719175
0.024414
0.02502435
0.025329525
0.025329525
0.024719175
0.0256347
0.024414
0.025939875
0.024719175
0.02502435
0.02502435
0.024414
0.02502435
0.0256347
0.024414
0.0256347
0.025329525
0.024719175
0.024108825
0.024719175
0.024719175
0.024719175
0.025329525
0.025939875
0.024108825
0.024414
0.02502435
0.0256347
0.024719175
0.02380365
0.025329525
0.02502435
0.024719175
0.024414
0.025329525
0.024414
0.025329525
0.025329525
0.025329525
0.025329525
0.0256347
0.024414
0.024414
0.025329525
0.024719175
0.024414
0.02502435
0.0256347
0.0256347
0.025329525
0.024414
0.024108825
0.02380365
0.02502435
0.024414
0.025329525
0.0256347
0.025939875
0.024719175
0.024414
0.026550225
0.024414
0.02502435
0.024414
0.024719175
0.02502435
0.024414
0.024719175
0.025329525
0.024719175
0.024414
0.025329525
0.024414
0.025329525
0.024414
0.02502435
0.024719175
0.024719175
0.02502435
0.024108825
0.024719175
0.02502435
0.024108825
0.024414
0.024414
0.025329525
0.024108825
0.02502435
0.024719175
0.02380365
0.024719175
0.0256347
0.025939875
0.024719175
0.025329525
0.02502435
0.024108825
0.024719175
0.024719175
0.024719175
0.024108825
0.025329525
0.024414
0.024719175
0.024414
0.025329525
0.0256347
0.024719175
0.02502435
0.024719175
0.024719175
0.025329525
0.024414
0.024719175
0.025939875
0.024414
0.024719175
0.02502435
0.024414
0.024719175
0.024719175
0.024719175
0.02502435
0.024414
0.024719175
0.02502435
0.024108825
0.024108825
0.025329525
0.02502435
0.02502435
0.025329525
0.024414
0.02502435
0.024414
0.02502435
0.0256347
0.02502435
0.024414
0.024719175
0.024414
0.02502435
0.024108825
0.0256347
0.02502435
0.024108825
0.0256347
0.02502435
0.02502435
0.025329525
0.024414
0.025329525
0.024719175
0.024719175
0.0256347
0.024414
0.02502435
0.023498475
0.024108825
0.024414
0.02502435
0.0256347
0.024414
0.02502435
0.024414
0.025329525
0.02502435
0.024414
0.0256347
0.025939875
0.024108825
0.02502435
0.024719175
0.025329525
0.025329525
0.024719175
0.02502435
0.02380365
0.02502435
0.02502435
0.024108825
0.024108825
0.02502435
0.02502435
0.024414
0.024108825
0.024719175
0.02868645
0.02502435
0.025329525
0.024719175
0.024414
0.024719175
0.02502435
0.025939875
0.024719175
0.024414
0.024414
0.024719175
0.024719175
0.024414
0.024719175
0.0256347
0.025329525
0.024414
0.024719175
0.0256347
0.0256347
0.02502435
0.024108825
0.024414
0.025329525
0.025329525
0.02502435
0.02502435
0.024414
0.024108825
0.024719175
0.024108825
0.024414
0.024719175
0.024108825
0.025329525
0.025329525
0.024414
0.024719175
0.024719175
0.0256347
0.024414
0.02502435
0.024414
0.025329525
0.02502435
0.02502435
0.02502435
0.02502435
0.024414
0.02624505
0.024414
0.0256347
0.02502435
0.024719175
0.023498475
0.02502435
0.025329525
0.024414
0.02380365
0.02380365
0.02502435
0.02502435
0.024414
0.024719175
0.024719175
0.0256347
0.0256347
0.02502435
0.024414
0.02502435
0.0256347
0.024108825
0.02502435
0.025939875
0.024719175
0.024719175
0.024108825
0.024108825
0.02502435
0.024414
0.02502435
0.025939875
0.02502435
0.025939875
0.02502435
0.02502435
0.02380365
0.02502435
0.02380365
0.02502435
0.024414
0.024414
0.024719175
0.02502435
0.024719175
0.02502435
0.02502435
0.024108825
0.024108825
0.02502435
0.024719175
0.025939875
0.02502435
0.02502435
0.024414
0.025329525
0.0256347
0.024108825
0.024414
0.0256347
0.024719175
0.024414
0.025329525
0.024108825
0.024108825
0.025329525
0.025329525
0.02502435
0.0256347
0.02502435
0.02502435
0.024414
0.0256347
0.025939875
0.024719175
0.024719175
0.024719175
0.02502435
0.024414
0.024414
0.02502435
0.024414
0.024719175
0.024414
0.0256347
0.024108825
0.024719175
0.02380365
0.024719175
0.02380365
0.02380365
0.025939875
0.024719175
0.024414
0.0256347
0.025329525
0.02502435
0.024108825
0.02502435
0.025329525
0.025329525
0.024719175
0.025329525
0.02502435
0.0256347
0.024719175
0.024719175
0.024414
0.02502435
0.02502435
0.02502435
0.025329525
0.024719175
0.02502435
0.025329525
0.024719175
0.024414
0.0256347
0.024414
0.024414
0.025329525
0.02502435
0.025939875
0.024108825
0.02502435
0.024414
0.02380365
0.02502435
0.024719175
0.025939875
0.024414
0.0256347
0.02502435
0.0256347
0.024719175
0.02502435
0.0256347
0.025329525
0.025329525
0.02502435
0.024414
0.0256347
0.024414
0.02380365
0.02380365
0.024108825
0.025329525
0.024108825
0.0256347
0.024414
0.024414
0.024719175
0.025329525
0.024414
0.025329525
0.025329525
0.0256347
0.024414
0.024414
0.024414
0.024414
0.024414
0.02502435
0.024719175
0.024414
0.025329525
0.024719175
0.02502435
0.024108825
0.02502435
0.024414
0.024108825
0.02502435
0.024719175
0.025329525
0.024719175
0.024719175
0.025329525
0.024108825
0.025329525
0.024719175
0.024719175
0.02502435
0.024719175
0.025329525
0.02380365
0.024414
0.025329525
0.02502435
0.024414
0.025329525
0.02502435
0.024414
0.025329525
0.024108825
0.024719175
0.025329525
0.024719175
0.02502435
0.02502435
0.02502435
0.024108825
0.025329525
0.0256347
0.02502435
0.025329525
0.02502435
0.025329525
0.024414
0.024108825
0.02502435
0.02502435
0.024108825
0.024414
0.024719175
0.024719175
0.024414
0.024108825
0.02502435
0.025329525
0.02380365
0.024719175
0.025329525
0.024719175
0.02502435
0.024719175
0.02502435
0.025329525
0.024719175
0.024719175
0.024719175
0.024414
0.024414
0.025329525
0.025329525
0.024414
0.024719175
0.024108825
0.02502435
0.02502435
0.02502435
0.02502435
0.024719175
0.024414
0.024414
0.024108825
0.025329525
0.024719175
0.025329525
0.025329525
0.0256347
0.024414
0.025329525
0.025329525
0.024719175
0.024108825
0.024719175
0.024414
0.02502435
0.024719175
0.024719175
0.025329525
0.02502435
0.0256347
0.024108825
0.0256347
0.025329525
0.025329525
0.02502435
0.02502435
0.0256347
0.025329525
0.024108825
0.025329525
0.024414
0.02502435
0.02502435
0.025329525
0.024414
0.024414
0.025939875
0.024414
0.024414
0.025329525
0.02502435
0.02502435
0.02502435
0.02502435
0.024719175
0.025329525
0.024719175
0.024719175
0.024414
0.02502435
0.024414
0.025329525
0.02502435
0.024414
0.0256347
0.024414
0.02502435
0.025329525
0.025939875
0.0256347
0.0256347
0.024719175
0.025329525
0.025329525
0.024414
0.025329525
0.024108825
0.025329525
0.024719175
0.024108825
0.024414
0.024719175
0.0256347
0.024108825
0.025329525
0.02502435
0.024719175
0.024719175
0.02502435
0.024719175
0.024719175
0.024719175
0.02502435
0.025939875
0.02502435
0.024719175
0.02502435
0.02502435
0.024414
0.024414
0.02380365
0.024108825
0.0256347
0.02502435
0.024108825
0.024414
0.02502435
0.02502435
0.025939875
0.025329525
0.02502435
0.024108825
0.0256347
0.02502435
0.025939875
0.024719175
0.024719175
0.024414
0.024719175
0.0256347
0.025329525
0.024414
0.025329525
0.024719175
0.025329525
0.0256347
0.02502435
0.024719175
0.02502435
0.024719175
0.024108825
0.0256347
0.02502435
0.02502435
0.025329525
0.0256347
0.0256347
0.024414
0.024719175
0.024414
0.024414
0.025329525
0.02502435
0.024719175
0.024108825
0.0256347
0.024414
0.024108825
0.025329525
0.0256347
0.02502435
0.025939875
0.024414
0.024719175
0.025939875
0.024719175
0.024719175
0.024414
0.02502435
0.0256347
0.025329525
0.024719175
0.02502435
0.024719175
0.0256347
0.02502435
0.025329525
0.025329525
0.02502435
0.024108825
0.024108825
0.024719175
0.024108825
0.024719175
0.024719175
0.0256347
0.02624505
0.024719175
0.0256347
0.02502435
0.0256347
0.024719175
0.02502435
0.02502435
0.025329525
0.02502435
0.024719175
0.02502435
0.024719175
0.025939875
0.02502435
0.02502435
0.025329525
0.024108825
0.02502435
0.02502435
0.02502435
0.0256347
0.025329525
0.024414
0.0256347
0.024719175
0.024719175
0.02502435
0.0256347
0.024414
0.0256347
0.024414
0.02502435
0.024719175
0.025329525
0.0256347
0.024414
0.024414
0.024414
0.025939875
0.025329525
0.024719175
0.025329525
0.02502435
0.024414
0.024414
0.0256347
0.025329525
0.025329525
0.025329525
0.024108825
0.024108825
0.024414
0.024414
0.025329525
0.024414
0.024108825
0.024108825
0.025329525
0.024414
0.024414
0.02502435
0.02502435
0.024719175
0.024414
0.024414
0.02502435
0.02502435
0.025939875
0.024414
0.025329525
0.02502435
0.025329525
0.024414
0.024719175
0.025939875
0.0256347
0.024414
0.02502435
0.0256347
0.023498475
0.0256347
0.025329525
0.0256347
0.025329525
0.025329525
0.025939875
0.025329525
0.024414
0.024719175
0.024719175
0.025329525
0.0256347
0.025329525
0.024414
0.02502435
0.025939875
0.02502435
0.025329525
0.024108825
0.025329525
0.025329525
0.025939875
0.024108825
0.025329525
0.025329525
0.024719175
0.02502435
0.0256347
0.02502435
0.024414
0.02502435
0.02502435
0.024719175
0.025329525
0.024414
0.024414
0.024414
0.025329525
0.025329525
0.025329525
0.02502435
0.025939875
0.02380365
0.025329525
0.02502435
0.02502435
0.02380365
0.02502435
0.0256347
0.024108825
0.024414
0.024719175
0.025329525
0.025329525
0.024414
0.024108825
0.02502435
0.024719175
0.024719175
0.024108825
0.024414
0.025329525
0.02502435
0.024414
0.024719175
0.024414
0.024414
0.024108825
0.024719175
0.025329525
0.024719175
0.02624505
0.02380365
0.024414
0.024719175
0.024108825
0.024719175
0.02502435
0.02502435
0.02502435
0.024108825
0.024414
0.024414
0.025329525
0.02502435
0.02502435
0.0256347
0.024719175
0.02502435
0.02380365
0.024414
0.02502435
0.024719175
0.02502435
0.025329525
0.0256347
0.025329525
0.024108825
0.024414
0.025939875
0.0256347
0.02502435
0.02502435
0.02380365
0.025329525
0.025329525
0.025329525
0.024414
0.02502435
0.0256347
0.024719175
0.024719175
0.02502435
0.025329525
0.024719175
0.024719175
0.02624505
0.025329525
0.024414
0.025939875
0.025329525
0.02380365
0.024719175
0.02502435
0.024719175
0.02380365
0.02502435
0.024719175
0.024108825
0.0256347
0.024719175
0.025329525
0.024719175
0.02502435
0.026550225
0.025329525
0.0256347
0.02502435
0.024414
0.024719175
0.024719175
0.02624505
0.0256347
0.02502435
0.025329525
0.024108825
0.025939875
0.024414
0.024414
0.025939875
0.024414
0.02380365
0.02502435
0.024719175
0.02502435
0.024719175
0.024719175
0.02380365
0.024719175
0.0256347
0.0256347
0.02502435
0.024414
0.0256347
0.024719175
0.025939875
0.024414
0.024414
0.024414
0.027770925
0.02502435
0.02502435
0.024414
0.025329525
0.024719175
0.024719175
0.024719175
0.024108825
0.024719175
0.0256347
0.025329525
0.024414
0.025329525
0.0256347
0.024414
0.02624505
0.02502435
0.025939875
0.02380365
0.024719175
0.024108825
0.02502435
0.025329525
0.0256347
0.025329525
0.02380365
0.024719175
0.025329525
0.024414
0.024414
0.024719175
0.024108825
0.0256347
0.023498475
0.02502435
0.024414
0.025329525
0.025329525
0.0256347
0.024719175
0.02502435
0.025329525
0.024108825
0.0256347
0.024108825
0.024108825
0.024108825
0.0256347
0.024414
0.025939875
0.025329525
0.02502435
0.025329525
0.024719175
0.025939875
0.024414
0.02380365
0.024414
0.025329525
0.025329525
0.0256347
0.024719175
0.024719175
0.024719175
0.02502435
0.025939875
0.025329525
0.025329525
0.02502435
0.024414
0.02502435
0.025329525
0.0256347
0.02502435
0.024719175
0.024108825
0.02502435
0.02502435
0.024719175
0.024719175
0.024414
0.024414
0.0256347
0.025329525
0.02502435
0.024719175
0.024108825
0.024108825
0.024719175
0.02502435
0.025329525
0.025329525
0.024719175
0.024719175
0.024719175
0.024414
0.024108825
0.025329525
0.0256347
0.024414
0.025329525
0.02502435
0.024719175
0.0256347
0.024719175
0.0256347
0.025329525
0.024719175
0.02502435
0.025329525
0.024719175
0.024414
0.025939875
0.024719175
0.02502435
0.025329525
0.024414
0.024719175
0.024719175
0.024719175
0.0256347
0.02380365
0.025329525
0.02502435
0.02502435
0.025329525
0.024108825
0.02380365
0.024719175
0.025329525
0.02502435
0.02502435
0.024108825
0.024719175
0.024414
0.0256347
0.024719175
0.025329525
0.0256347
0.024108825
0.024719175
0.025329525
0.024719175
0.024719175
0.024414
0.02502435
0.025939875
0.0256347
0.02502435
0.025939875
0.025939875
0.024719175
0.000305175
0.02502435
0.0256347
0.024414
0.02502435
0.025329525
0.02380365
0.025329525
0.024719175
0.024108825
0.0256347
0.02502435
0.025329525
0.025329525
0.025329525
0.02502435
0.025329525
0.02502435
0.025329525
0.025329525
0.02502435
0.024108825
0.024719175
0.02502435
0.024719175
0.02624505
0.025329525
0.025329525
0.025329525
0.024719175
0.024414
0.024108825
0.02624505
0.025329525
0.024719175
0.025329525
0.02502435
0.02502435
0.0256347
0.02502435
0.024719175
0.02502435
0.024719175
0.025329525
0.024719175
0.025329525
0.02502435
0.02502435
0.0256347
0.0256347
0.02502435
0.024719175
0.024719175
0.0256347
0.025939875
0.024719175
0.025329525
0.025329525
0.024414
0.024414
0.025939875
0.02502435
0.024719175
0.0256347
0.025329525
0.024719175
0.025329525
0.024414
0.024719175
0.0256347
0.0268554
0.024719175
0.024719175
0.02502435
0.02502435
0.025329525
0.024719175
0.025329525
0.025329525
0.02502435
0.024108825
0.024414
0.025939875
0.02502435
0.02502435
0.0256347
0.024719175
0.02502435
0.0256347
0.025329525
0.024719175
0.025329525
0.023498475
0.025939875
0.025329525
0.024719175
0.024719175
0.025329525
0.02502435
0.02502435
0.025329525
0.02502435
0.025939875
0.02502435
0.025329525
0.025939875
0.0256347
0.025329525
0.02502435
0.024719175
0.02502435
0.024719175
0.02502435
0.024719175
0.02502435
0.0256347
0.02502435
0.0256347
0.02502435
0.02502435
0.025939875
0.02502435
0.024719175
0.025939875
0.024719175
0.0256347
0.024719175
0.025329525
0.02502435
0.024414
0.024719175
0.024414
0.025329525
0.025329525
0.0256347
0.025329525
0.0256347
0.025329525
0.025329525
0.0256347
0.025329525
0.0256347
0.024719175
0.025329525
0.0256347
0.024414
0.026550225
0.025939875
0.024108825
0.02502435
0.02502435
0.024414
0.02502435
0.024719175
0.025329525
0.0256347
0.025939875
0.024719175
0.024414
0.02502435
0.024719175
0.025329525
0.02502435
0.024719175
0.02502435
0.02502435
0.025939875
0.025939875
0.024719175
0.024108825
0.02502435
0.025329525
0.024414
0.02502435
0.024414
0.024108825
0.024719175
0.024719175
0.02502435
0.0256347
0.0256347
0.0256347
